4584 0.125964
1365 0.108504
35 0.081274
82920 0.058884
114 0.044679
24966 0.042591
3229 0.042453
1272 0.036823
32083 0.035572
10798 0.034619
3243 0.032526
117 0.031783
1113739 0.029271
2653 0.027533
6184 0.026867
6214 0.026749
35061 0.024789
6209 0.024082
132806 0.024045
210871 0.023031
6213 0.022754
18777 0.021862
210872 0.021529
593260 0.019822
168410 0.019660
3218 0.019594
434 0.019374
910 0.019333
143323 0.019327
1481 0.019317
28957 0.019212
77758 0.018992
84021 0.018743
887 0.018623
16008 0.018345
1113995 0.018187
4335 0.017643
12337 0.017255
120084 0.016864
936 0.016555
39127 0.015957
6771 0.015584
6913 0.015147
20193 0.015121
4330 0.014956
646286 0.014766
3231 0.014307
1956 0.014280
1129683 0.014245
1999 0.013710
27895 0.013297
5966 0.013102
33013 0.013020
1153943 0.012831
167656 0.012652
576257 0.012651
6125 0.012648
8875 0.012634
189577 0.012573
46491 0.012476
18619 0.012125
88356 0.011987
1116347 0.011860
11335 0.011713
2654 0.011683
23738 0.011642
906 0.011594
4649 0.011488
3084 0.011453
6216 0.011372
105856 0.010590
1110947 0.010352
264556 0.010210
3191 0.010077
22875 0.010067
126927 0.009899
1113934 0.009834
23116 0.009690
289085 0.009655
103537 0.009654
35922 0.009548
2665 0.009384
96847 0.009372
85688 0.009311
202639 0.009181
1246 0.009166
16485 0.009137
30817 0.009054
237521 0.008994
19231 0.008821
25772 0.008809
126912 0.008665
1132968 0.008611
1123068 0.008535
103543 0.008479
8703 0.008453
133563 0.008392
96851 0.008242
17476 0.008112
10796 0.008100
6741 0.008051
22563 0.008029
167670 0.007957
6318 0.007886
1136397 0.007880
594387 0.007872
230879 0.007849
1107861 0.007770
10183 0.007753
131318 0.007752
39126 0.007745
8224 0.007735
3223 0.007723
128 0.007658
1119140 0.007634
1106370 0.007566
205192 0.007562
1955 0.007538
217139 0.007532
1102550 0.007528
240321 0.007498
29492 0.007493
51049 0.007328
54132 0.007232
6767 0.007214
57764 0.007150
1120211 0.007096
18773 0.006939
31479 0.006926
79809 0.006910
37541 0.006906
1123087 0.006855
28287 0.006837
6385 0.006794
112378 0.006779
13686 0.006771
39890 0.006722
69392 0.006696
1114502 0.006658
144408 0.006646
628500 0.006626
1130600 0.006626
188471 0.006626
27627 0.006561
1127851 0.006448
20833 0.006402
350362 0.006366
782486 0.006339
1128839 0.006279
16451 0.006278
3236 0.006274
28278 0.006274
1104055 0.006218
395725 0.006177
16476 0.006084
976334 0.006051
1959 0.005900
8874 0.005878
1026 0.005861
239800 0.005859
1108329 0.005740
3217 0.005684
12576 0.005628
28487 0.005554
12960 0.005551
73162 0.005548
13212 0.005547
27623 0.005535
16437 0.005414
190698 0.005390
1106112 0.005331
3192 0.005329
16474 0.005264
1114352 0.005149
8872 0.005125
1106630 0.005123
3232 0.005070
33325 0.005059
417017 0.005058
13658 0.005046
48555 0.005036
1031453 0.004899
345340 0.004844
5055 0.004843
17201 0.004815
601561 0.004754
424540 0.004753
149669 0.004687
95586 0.004676
1110390 0.004674
70444 0.004646
86840 0.004642
38480 0.004617
198443 0.004599
1105531 0.004599
1152143 0.004559
130 0.004506
14549 0.004418
8617 0.004387
1131267 0.004352
66794 0.004333
1119295 0.004321
1106287 0.004301
212930 0.004296
27530 0.004290
7047 0.004250
521207 0.004217
59626 0.004210
31932 0.004186
97892 0.004181
152219 0.004180
1237 0.004178
39165 0.004164
340299 0.004158
1110256 0.004148
40886 0.004145
28447 0.004141
12347 0.004136
33818 0.004103
1105344 0.004069
27531 0.004014
4660 0.003990
24974 0.003972
12359 0.003944
5086 0.003919
6784 0.003886
171954 0.003873
1134320 0.003868
45605 0.003864
1120169 0.003859
1152290 0.003859
83847 0.003850
1121057 0.003821
2702 0.003820
682666 0.003802
1116268 0.003778
49843 0.003721
6334 0.003689
189571 0.003682
175291 0.003682
1034 0.003673
81714 0.003672
560936 0.003668
94639 0.003649
55968 0.003639
7430 0.003635
20584 0.003621
124064 0.003621
1107010 0.003612
63812 0.003595
116528 0.003593
28504 0.003576
573553 0.003574
64519 0.003555
35797 0.003554
1140543 0.003529
1786 0.003526
75674 0.003502
36162 0.003487
1105932 0.003455
1035 0.003433
33231 0.003416
17208 0.003396
32276 0.003390
277263 0.003377
27535 0.003370
38537 0.003360
15076 0.003350
592830 0.003305
6196 0.003301
134219 0.003282
13213 0.003274
179702 0.003274
7272 0.003263
37483 0.003256
14529 0.003232
25702 0.003225
74427 0.003194
15987 0.003193
197452 0.003190
189566 0.003181
62634 0.003179
1125393 0.003173
1102400 0.003158
32872 0.003152
686061 0.003150
83725 0.003099
200480 0.003087
207395 0.003070
248823 0.003063
1997 0.003053
3085 0.003042
395553 0.003033
3097 0.003024
131042 0.003022
6343 0.003019
1110438 0.003006
444191 0.002995
1105672 0.002981
194645 0.002978
7297 0.002967
38829 0.002950
255628 0.002901
52515 0.002880
3222 0.002880
14531 0.002869
193742 0.002866
1119987 0.002861
137790 0.002856
12330 0.002848
23507 0.002842
35852 0.002830
20528 0.002826
175548 0.002822
10186 0.002805
91853 0.002797
6925 0.002773
1114864 0.002771
73146 0.002764
1153101 0.002760
1153150 0.002760
9708 0.002744
194609 0.002716
6155 0.002716
116790 0.002708
124952 0.002707
27612 0.002707
1108267 0.002694
445938 0.002678
714748 0.002678
1118245 0.002672
1117184 0.002642
1106172 0.002635
521251 0.002627
1106492 0.002615
27510 0.002601
141868 0.002559
1126012 0.002553
30895 0.002550
38845 0.002541
3101 0.002526
52835 0.002521
1120962 0.002512
22229 0.002460
28202 0.002454
411092 0.002450
262178 0.002448
85449 0.002447
110163 0.002441
1136446 0.002438
2440 0.002417
197783 0.002411
1135750 0.002395
85299 0.002373
3233 0.002365
102406 0.002343
90888 0.002341
1120643 0.002334
1104449 0.002333
55770 0.002323
54131 0.002316
36167 0.002305
5600 0.002295
36802 0.002292
593105 0.002288
14062 0.002285
70441 0.002285
6910 0.002283
2354 0.002283
42207 0.002273
642681 0.002273
254923 0.002250
1121254 0.002242
94713 0.002235
13960 0.002221
521183 0.002213
78511 0.002213
54550 0.002210
1120049 0.002206
187354 0.002206
1154232 0.002198
108047 0.002196
9586 0.002187
755217 0.002184
20178 0.002182
101263 0.002155
135464 0.002154
3237 0.002152
31769 0.002143
8213 0.002139
1139928 0.002136
27543 0.002132
66751 0.002102
63486 0.002099
141171 0.002085
753070 0.002075
23258 0.002068
238099 0.002063
3828 0.002053
1120563 0.002042
198653 0.002037
66594 0.002037
7276 0.002032
1153933 0.002012
642847 0.001995
1126029 0.001982
51879 0.001975
48550 0.001970
108974 0.001968
57119 0.001963
641976 0.001934
294030 0.001930
18832 0.001926
12198 0.001925
27241 0.001924
1113438 0.001924
6220 0.001923
13885 0.001920
101143 0.001917
3112 0.001917
310742 0.001912
46547 0.001907
1112686 0.001902
1122580 0.001883
28964 0.001874
81350 0.001859
390889 0.001853
1120431 0.001852
27249 0.001851
6814 0.001843
1103676 0.001841
16819 0.001833
20534 0.001830
22876 0.001824
52784 0.001823
66990 0.001821
65653 0.001813
1130539 0.001811
6923 0.001807
22386 0.001798
39199 0.001792
65074 0.001786
12238 0.001776
1153264 0.001767
35070 0.001767
36131 0.001759
77826 0.001748
653441 0.001739
11342 0.001731
129897 0.001730
1131149 0.001729
15984 0.001722
15889 0.001713
51909 0.001709
46468 0.001700
18615 0.001690
141324 0.001677
28485 0.001675
59798 0.001650
103482 0.001646
1109581 0.001617
562123 0.001603
137868 0.001599
40151 0.001597
1949 0.001592
411005 0.001588
170798 0.001585
286500 0.001580
51866 0.001564
1717 0.001562
25791 0.001559
307336 0.001558
509379 0.001557
20592 0.001545
593942 0.001544
1152358 0.001537
358887 0.001535
941 0.001530
574264 0.001527
1129367 0.001520
523394 0.001518
33412 0.001517
642827 0.001511
54129 0.001509
96335 0.001501
12165 0.001499
1110998 0.001496
188318 0.001496
1103315 0.001482
950305 0.001481
57948 0.001460
1104647 0.001459
424 0.001457
1118823 0.001456
249858 0.001454
28412 0.001453
689152 0.001447
1125386 0.001443
47682 0.001442
592826 0.001442
1115701 0.001439
139865 0.001429
1123756 0.001426
593921 0.001425
95589 0.001424
56167 0.001422
73327 0.001419
1131137 0.001410
105057 0.001409
20920 0.001406
348437 0.001404
170338 0.001402
65650 0.001393
5062 0.001389
631052 0.001381
1107572 0.001380
28491 0.001376
12211 0.001372
578309 0.001371
341188 0.001368
5194 0.001361
289885 0.001359
1119751 0.001359
31483 0.001355
42221 0.001351
1114442 0.001345
427606 0.001340
358894 0.001335
627024 0.001334
31927 0.001327
62329 0.001322
74975 0.001320
27631 0.001319
815096 0.001317
642621 0.001314
64271 0.001308
8581 0.001297
133550 0.001290
1152896 0.001286
18815 0.001279
45212 0.001275
447224 0.001272
645897 0.001267
1118332 0.001266
70281 0.001266
8079 0.001256
46887 0.001253
62274 0.001253
34257 0.001249
636511 0.001247
261040 0.001242
592993 0.001241
18811 0.001236
162664 0.001236
12182 0.001224
851968 0.001217
197054 0.001216
92589 0.001215
3220 0.001209
93555 0.001206
1114777 0.001204
159897 0.001204
27250 0.001201
89416 0.001194
463825 0.001191
18833 0.001190
86359 0.001187
19621 0.001186
739707 0.001185
114189 0.001184
575077 0.001184
56709 0.001176
6163 0.001173
1116842 0.001172
1152075 0.001172
161221 0.001170
3095 0.001168
641956 0.001164
70970 0.001162
714289 0.001161
753047 0.001152
85452 0.001145
13656 0.001139
18834 0.001138
1688 0.001137
79817 0.001136
35778 0.001133
1131471 0.001127
649731 0.001123
13269 0.001121
215912 0.001116
10435 0.001115
389715 0.001108
205196 0.001108
124734 0.001100
92065 0.001099
77438 0.001094
1114388 0.001081
127033 0.001074
31105 0.001072
1103162 0.001071
49844 0.001067
18781 0.001060
6941 0.001058
47684 0.001056
28230 0.001055
28350 0.001051
6130 0.001046
20924 0.001046
6935 0.001042
212777 0.001033
63549 0.001029
95579 0.001022
593104 0.001017
42156 0.001016
579008 0.001015
214472 0.001014
601462 0.001014
1103610 0.001014
61417 0.001014
13972 0.001014
120817 0.001014
131315 0.001012
1107215 0.001012
35490 0.001006
28249 0.001006
6818 0.000999
1102625 0.000995
35343 0.000993
36145 0.000990
576362 0.000988
1135125 0.000988
152731 0.000982
370366 0.000971
35863 0.000969
20821 0.000968
1952 0.000967
75121 0.000964
1128868 0.000959
643221 0.000958
18770 0.000957
101811 0.000955
22886 0.000952
97377 0.000952
1106052 0.000950
91581 0.000950
144679 0.000948
83449 0.000946
213279 0.000945
38205 0.000936
24043 0.000936
117328 0.000933
34708 0.000932
562940 0.000930
1140040 0.000926
1131277 0.000922
41714 0.000922
137359 0.000906
13195 0.000903
1153891 0.000901
18536 0.000899
129558 0.000897
7532 0.000896
53942 0.000892
40135 0.000891
162080 0.000891
1130678 0.000888
28385 0.000888
675649 0.000888
1114664 0.000888
12638 0.000884
6210 0.000883
308232 0.000881
928873 0.000880
175256 0.000876
1112075 0.000876
1117501 0.000871
300806 0.000870
575292 0.000862
20593 0.000862
1138968 0.000857
1109891 0.000849
66805 0.000847
84459 0.000846
430329 0.000846
1103038 0.000845
110164 0.000845
1127619 0.000845
194617 0.000841
1119708 0.000841
278394 0.000837
158098 0.000835
631015 0.000835
1153816 0.000834
156977 0.000832
46501 0.000829
523010 0.000820
646809 0.000817
28290 0.000817
1129610 0.000815
523574 0.000814
28456 0.000813
300071 0.000805
50336 0.000804
756061 0.000804
74821 0.000803
33823 0.000803
714975 0.000803
43186 0.000803
568857 0.000798
10430 0.000787
29723 0.000786
49482 0.000785
202520 0.000777
66986 0.000772
6782 0.000765
82666 0.000762
299197 0.000760
1116594 0.000756
181782 0.000750
134199 0.000749
1106388 0.000748
182094 0.000744
2658 0.000744
595056 0.000743
6639 0.000743
1114239 0.000737
22874 0.000735
49660 0.000731
1154123 0.000727
1154124 0.000727
739816 0.000718
123825 0.000714
173884 0.000714
1953 0.000710
48766 0.000707
521855 0.000705
763010 0.000704
1153728 0.000704
1131258 0.000701
35905 0.000700
5064 0.000699
3932 0.000696
763009 0.000692
6311 0.000690
219239 0.000689
235776 0.000683
141342 0.000679
372862 0.000674
4274 0.000673
396412 0.000670
153063 0.000667
671293 0.000667
672064 0.000665
174418 0.000664
1118209 0.000661
5069 0.000660
267003 0.000656
36140 0.000655
95642 0.000655
368431 0.000654
73323 0.000653
307015 0.000653
189572 0.000653
179180 0.000649
1114331 0.000647
63915 0.000643
446271 0.000642
25805 0.000637
6238 0.000636
656231 0.000636
28227 0.000636
127940 0.000635
1131116 0.000635
200630 0.000634
43639 0.000634
80656 0.000634
72056 0.000632
39130 0.000631
1129572 0.000631
259702 0.000629
12439 0.000621
644577 0.000616
582343 0.000614
1120138 0.000612
1126044 0.000609
136766 0.000607
1138043 0.000602
69198 0.000602
504 0.000599
1121867 0.000598
80491 0.000598
1104007 0.000596
75969 0.000592
630890 0.000592
56115 0.000592
78555 0.000592
28649 0.000591
12631 0.000590
119686 0.000589
20923 0.000589
288 0.000589
44514 0.000588
13717 0.000586
95225 0.000585
180373 0.000582
1152421 0.000580
1153280 0.000580
1154459 0.000580
346292 0.000574
190706 0.000571
51834 0.000570
5075 0.000568
1131360 0.000563
103515 0.000563
6346 0.000561
38722 0.000561
645571 0.000558
1153275 0.000557
1119471 0.000556
1120444 0.000554
251756 0.000553
85324 0.000550
154982 0.000549
110162 0.000545
206259 0.000544
137380 0.000544
20942 0.000543
1135082 0.000539
8821 0.000537
1127913 0.000533
66563 0.000533
6917 0.000530
208345 0.000530
58436 0.000527
1135894 0.000527
50337 0.000525
12199 0.000524
39131 0.000523
270456 0.000523
16470 0.000521
40125 0.000521
340078 0.000516
503883 0.000515
118873 0.000507
1105231 0.000507
1108656 0.000507
763181 0.000507
1126050 0.000507
1107041 0.000507
1109873 0.000507
1153014 0.000507
1129015 0.000507
8961 0.000507
17811 0.000507
18812 0.000507
45052 0.000507
6344 0.000507
31083 0.000507
987188 0.000507
1115959 0.000507
284414 0.000507
519353 0.000506
249421 0.000503
144701 0.000501
1128430 0.000500
30901 0.000499
39210 0.000498
27203 0.000494
12169 0.000493
34266 0.000492
273152 0.000492
10169 0.000492
118079 0.000489
643485 0.000486
219446 0.000484
144212 0.000481
33907 0.000478
16471 0.000476
582139 0.000475
440815 0.000474
513189 0.000473
8699 0.000473
1125992 0.000471
63835 0.000471
593060 0.000470
28254 0.000469
12350 0.000468
133566 0.000464
28471 0.000464
28387 0.000462
16461 0.000452
20179 0.000449
4329 0.000448
293974 0.000446
39403 0.000443
144330 0.000437
230300 0.000436
36620 0.000435
6151 0.000434
97390 0.000428
1126503 0.000425
103531 0.000425
190697 0.000425
3187 0.000425
1153003 0.000424
1104379 0.000423
118436 0.000423
263069 0.000423
643734 0.000423
1131557 0.000423
58552 0.000423
1112767 0.000423
654326 0.000423
708945 0.000423
6939 0.000423
1033 0.000423
145134 0.000423
62417 0.000423
1135122 0.000422
59715 0.000422
1102442 0.000421
51180 0.000420
248425 0.000415
66564 0.000414
85352 0.000413
28641 0.000410
8865 0.000409
989397 0.000408
1107455 0.000404
1104851 0.000404
59045 0.000404
1128943 0.000403
1128978 0.000403
13654 0.000401
13208 0.000401
1103979 0.000398
593813 0.000398
131117 0.000397
152226 0.000396
6169 0.000395
7419 0.000393
675847 0.000392
22883 0.000392
593240 0.000388
429781 0.000386
45188 0.000386
7032 0.000382
25184 0.000381
1125092 0.000381
334153 0.000380
711527 0.000379
1106103 0.000377
1132731 0.000376
4804 0.000375
6378 0.000374
231198 0.000369
1133417 0.000369
93923 0.000368
559804 0.000368
40 0.000367
683355 0.000366
359067 0.000366
1000012 0.000366
578780 0.000366
510718 0.000365
94229 0.000364
1123576 0.000364
240791 0.000354
628751 0.000351
1115456 0.000351
32260 0.000349
116084 0.000344
154134 0.000343
647447 0.000343
628668 0.000343
129045 0.000341
27174 0.000340
28265 0.000336
578646 0.000335
284023 0.000335
1129629 0.000330
682815 0.000330
22869 0.000329
321861 0.000326
6224 0.000326
95188 0.000324
1111052 0.000324
11325 0.000324
1152194 0.000324
12247 0.000323
646900 0.000322
1120777 0.000322
45533 0.000321
22431 0.000320
87417 0.000319
1120731 0.000318
237489 0.000318
263486 0.000317
66556 0.000313
645084 0.000311
289088 0.000309
644427 0.000307
267824 0.000306
1131270 0.000306
273949 0.000305
1105603 0.000304
400356 0.000303
34315 0.000303
86923 0.000302
695284 0.000301
77108 0.000301
1114222 0.000300
47570 0.000299
189774 0.000298
1105574 0.000298
75318 0.000298
1121569 0.000297
738941 0.000297
100197 0.000297
853115 0.000297
6898 0.000297
11339 0.000297
6786 0.000297
35335 0.000297
233106 0.000297
160732 0.000297
58758 0.000296
34979 0.000296
14545 0.000296
67633 0.000296
48781 0.000296
573978 0.000296
1104300 0.000296
293285 0.000296
294239 0.000296
675756 0.000296
594011 0.000296
56708 0.000296
1112426 0.000295
591016 0.000295
1134348 0.000294
10981 0.000294
111866 0.000294
23448 0.000292
116552 0.000292
17477 0.000291
193931 0.000291
1128935 0.000291
94641 0.000289
263279 0.000289
1117653 0.000288
943 0.000287
56112 0.000286
95594 0.000286
145384 0.000286
141160 0.000284
27199 0.000282
1110515 0.000282
195792 0.000280
459216 0.000278
6170 0.000277
1131549 0.000269
44455 0.000269
40131 0.000266
216878 0.000265
12210 0.000264
157401 0.000264
1152761 0.000264
1153860 0.000264
1153262 0.000262
1118764 0.000262
180399 0.000262
1108050 0.000259
1128977 0.000257
227178 0.000257
6539 0.000256
50381 0.000255
102938 0.000254
143676 0.000254
242663 0.000254
51045 0.000254
133553 0.000253
124296 0.000248
696345 0.000247
1130567 0.000246
75695 0.000246
1103737 0.000244
911198 0.000242
61069 0.000240
5959 0.000237
447250 0.000236
1132434 0.000236
118260 0.000234
70520 0.000233
1108728 0.000233
28851 0.000232
110041 0.000231
1919 0.000230
672070 0.000230
33303 0.000230
9716 0.000229
95719 0.000227
20180 0.000225
1117348 0.000225
157805 0.000225
1105887 0.000224
83461 0.000224
69296 0.000222
37888 0.000222
100935 0.000221
175909 0.000220
75691 0.000220
415693 0.000220
1106568 0.000219
89547 0.000219
137849 0.000219
3240 0.000218
390896 0.000218
307656 0.000218
1106418 0.000218
147870 0.000215
50838 0.000214
158172 0.000214
593210 0.000212
82090 0.000212
1128437 0.000212
270600 0.000212
286513 0.000212
1111240 0.000212
1123530 0.000212
66596 0.000212
1127812 0.000212
42848 0.000212
576795 0.000212
20972 0.000212
134060 0.000212
656048 0.000212
148341 0.000212
191222 0.000212
733534 0.000212
226698 0.000212
431206 0.000212
399370 0.000212
1128227 0.000212
593091 0.000212
27230 0.000212
1116922 0.000212
285675 0.000212
509315 0.000212
1154076 0.000212
1113831 0.000212
1119505 0.000212
1128314 0.000212
15670 0.000212
46079 0.000212
46431 0.000212
594649 0.000212
735303 0.000212
1108834 0.000212
1114118 0.000212
1122460 0.000212
242637 0.000212
684372 0.000212
1128256 0.000212
520471 0.000212
1122704 0.000212
1105718 0.000212
118559 0.000212
62347 0.000212
72101 0.000212
1113926 0.000212
151708 0.000212
354004 0.000212
1105764 0.000212
218410 0.000212
353541 0.000212
62389 0.000212
41666 0.000212
15892 0.000212
567005 0.000212
1116410 0.000212
519318 0.000212
1105116 0.000212
1110579 0.000212
1105450 0.000212
1131639 0.000212
975567 0.000212
129287 0.000212
1133010 0.000212
1135115 0.000212
227286 0.000211
521269 0.000211
449841 0.000211
2663 0.000211
54844 0.000211
107569 0.000211
128203 0.000211
13136 0.000211
126926 0.000211
124828 0.000211
593022 0.000211
29708 0.000211
1132157 0.000211
608326 0.000210
108962 0.000209
1111899 0.000209
646913 0.000209
1105810 0.000209
644093 0.000208
1153899 0.000207
755082 0.000206
5462 0.000205
576691 0.000205
194223 0.000203
5869 0.000201
20857 0.000201
1120170 0.000201
308920 0.000201
13193 0.000201
67415 0.000200
377303 0.000199
688361 0.000199
646195 0.000199
3235 0.000197
1817 0.000197
116553 0.000194
1107140 0.000194
28489 0.000194
589923 0.000189
6775 0.000189
575795 0.000189
1129570 0.000188
189574 0.000188
1152676 0.000187
1131150 0.000186
486840 0.000183
66982 0.000183
105899 0.000182
101662 0.000182
56119 0.000179
189721 0.000178
145215 0.000170
1135137 0.000166
1111788 0.000165
1105428 0.000160
45189 0.000160
646836 0.000160
1104182 0.000160
40124 0.000159
116021 0.000158
368605 0.000158
284025 0.000157
31353 0.000155
1125469 0.000154
1153853 0.000153
230884 0.000151
578337 0.000149
751408 0.000149
578365 0.000149
15429 0.000148
1152714 0.000148
578347 0.000148
1125492 0.000148
648232 0.000148
63931 0.000147
340075 0.000146
436796 0.000146
1154068 0.000145
134128 0.000144
152483 0.000144
578649 0.000142
1106406 0.000142
643597 0.000140
19045 0.000138
1122425 0.000138
1136447 0.000137
60170 0.000135
20526 0.000135
70442 0.000134
467383 0.000132
1119078 0.000131
114308 0.000130
37884 0.000129
592975 0.000128
52847 0.000128
195150 0.000127
116545 0.000126
91852 0.000126
672071 0.000125
145176 0.000123
87363 0.000120
84020 0.000119
104840 0.000119
105865 0.000119
91975 0.000119
1152307 0.000119
1152448 0.000119
1152975 0.000119
1153703 0.000119
753265 0.000115
310530 0.000115
12195 0.000114
151430 0.000113
41417 0.000112
1125895 0.000112
218682 0.000110
34263 0.000110
11093 0.000108
33904 0.000107
32698 0.000107
99025 0.000107
289780 0.000107
1122642 0.000107
289781 0.000106
1154103 0.000106
1105148 0.000106
1118388 0.000106
1132083 0.000106
95718 0.000106
469504 0.000106
1110024 0.000106
13652 0.000106
1118302 0.000106
684986 0.000105
287787 0.000105
578306 0.000104
44017 0.000103
22835 0.000103
1132706 0.000102
23502 0.000099
7432 0.000099
385067 0.000098
178727 0.000098
767763 0.000098
69284 0.000098
964248 0.000097
503893 0.000096
129042 0.000096
66782 0.000096
1152633 0.000094
6217 0.000094
189655 0.000094
1102751 0.000093
58540 0.000093
83826 0.000093
49811 0.000092
1117476 0.000092
1110426 0.000091
644441 0.000090
178209 0.000090
350319 0.000090
174425 0.000089
189620 0.000089
229635 0.000087
1106401 0.000087
27632 0.000086
686015 0.000086
686030 0.000086
50354 0.000086
108983 0.000084
75972 0.000082
38839 0.000082
106590 0.000081
578645 0.000081
1130808 0.000079
1132948 0.000079
696346 0.000079
1132486 0.000079
1128319 0.000078
1104787 0.000077
8619 0.000077
1131728 0.000077
243483 0.000077
594047 0.000077
593329 0.000074
248119 0.000074
123556 0.000074
643695 0.000073
948299 0.000072
606479 0.000072
177998 0.000071
650807 0.000071
118259 0.000071
189856 0.000069
100961 0.000068
12158 0.000067
1153091 0.000067
44368 0.000066
33301 0.000065
733167 0.000061
636500 0.000060
545647 0.000060
582511 0.000060
90470 0.000059
19697 0.000058
141347 0.000057
626999 0.000056
135130 0.000056
60682 0.000056
28542 0.000055
28632 0.000055
1131647 0.000053
1131748 0.000053
1154169 0.000053
949511 0.000053
2696 0.000053
647408 0.000052
39474 0.000052
6215 0.000050
75983 0.000050
577331 0.000050
1108175 0.000050
108963 0.000050
1133196 0.000049
591017 0.000049
395075 0.000049
428610 0.000048
608191 0.000047
608190 0.000047
315266 0.000047
87482 0.000047
1022969 0.000047
1128985 0.000045
385572 0.000045
46452 0.000045
1135589 0.000044
246618 0.000044
1115790 0.000044
1106771 0.000044
1116974 0.000044
358884 0.000043
1112723 0.000043
272720 0.000042
148399 0.000042
1129243 0.000042
335733 0.000042
148170 0.000042
71904 0.000040
1126037 0.000040
68463 0.000040
253971 0.000039
592973 0.000038
20850 0.000037
117316 0.000036
6152 0.000036
714260 0.000036
8594 0.000036
1117618 0.000035
1136422 0.000034
892139 0.000034
1131300 0.000033
561809 0.000033
82098 0.000033
260979 0.000032
1129621 0.000032
671269 0.000030
25181 0.000030
34961 0.000029
1128425 0.000029
119761 0.000028
562067 0.000028
192850 0.000028
107251 0.000027
107252 0.000027
263498 0.000027
642894 0.000026
1107367 0.000026
593544 0.000026
193932 0.000025
139547 0.000025
1107312 0.000025
27243 0.000024
1153160 0.000024
954315 0.000024
503877 0.000024
1131274 0.000022
72908 0.000022
593859 0.000021
11148 0.000021
17798 0.000021
25413 0.000021
184918 0.000021
153598 0.000021
330148 0.000021
232606 0.000020
1104258 0.000020
644843 0.000020
1114153 0.000020
950052 0.000020
643239 0.000020
1153287 0.000018
62718 0.000018
221302 0.000018
645016 0.000018
112787 0.000018
561789 0.000018
231249 0.000018
217115 0.000017
1128291 0.000017
126793 0.000016
31863 0.000016
358866 0.000016
203646 0.000016
1128407 0.000015
38846 0.000015
152227 0.000015
1153166 0.000014
1153724 0.000014
1107567 0.000014
82664 0.000014
1131565 0.000013
93273 0.000013
178718 0.000013
232605 0.000012
643069 0.000012
16843 0.000012
23774 0.000011
644448 0.000011
573964 0.000011
1106236 0.000011
633081 0.000011
1132815 0.000010
198866 0.000010
1132809 0.000010
335042 0.000009
1153195 0.000009
399339 0.000009
1152277 0.000009
1152673 0.000009
1154251 0.000009
128383 0.000009
346243 0.000009
118682 0.000009
561581 0.000009
10531 0.000008
20601 0.000008
521252 0.000008
1123926 0.000008
561674 0.000008
33895 0.000008
31489 0.000008
23070 0.000008
531348 0.000008
531351 0.000008
578650 0.000008
103529 0.000007
1131719 0.000007
459214 0.000007
27514 0.000006
8832 0.000006
28336 0.000006
1133004 0.000006
1153900 0.000006
58268 0.000006
78557 0.000006
308529 0.000006
4637 0.000006
10177 0.000006
1106789 0.000005
1132505 0.000005
134316 0.000005
14090 0.000005
20602 0.000005
1106330 0.000005
1213 0.000005
23069 0.000005
561595 0.000005
1129608 0.000004
683404 0.000004
1112099 0.000004
157761 0.000004
1129096 0.000004
117315 0.000004
642798 0.000004
45603 0.000004
48764 0.000004
643003 0.000004
42847 0.000004
8591 0.000004
1128536 0.000003
193352 0.000003
25794 0.000003
68224 0.000003
87915 0.000003
1110546 0.000003
40605 0.000003
14430 0.000003
99023 0.000003
1129835 0.000003
193354 0.000003
709113 0.000002
578845 0.000002
67584 0.000002
235683 0.000002
592986 0.000002
180187 0.000002
1127558 0.000002
78552 0.000002
1127530 0.000002
1152259 0.000002
1152991 0.000002
65057 0.000002
98693 0.000002
561610 0.000002
5454 0.000002
9515 0.000002
7537 0.000002
1121537 0.000002
575402 0.000002
1131257 0.000002
263482 0.000002
2695 0.000002
1132459 0.000002
58454 0.000002
24476 0.000002
1114512 0.000001
134307 0.000001
265203 0.000001
2698 0.000001
1130780 0.000001
948147 0.000001
583318 0.000001
155738 0.000001
14428 0.000001
77515 0.000001
714256 0.000001
9513 0.000001
1103016 0.000001
213246 0.000001
626530 0.000001
633721 0.000001
14807 0.000001
14083 0.000001
8687 0.000001
166989 0.000001
12197 0.000001
1106546 0.000001
1152308 0.000001
853155 0.000001
134314 0.000001
155158 0.000001
142268 0.000001
34355 0.000001
5348 0.000001
78994 0.000001
576725 0.000001
52003 0.000001
689439 0.000001
177993 0.000001
683360 0.000001
62676 0.000001
155736 0.000001
633585 0.000001
608292 0.000001
640617 0.000001
628888 0.000001
137130 0.000001
235679 0.000001
8696 0.000001
330208 0.000001
522338 0.000001
74698 0.000001
578669 0.000001
102884 0.000001
1121459 0.000001
506 0.000001
101660 0.000001
593155 0.000001
103528 0.000001
89308 0.000001
235678 0.000001
853118 0.000001
74937 0.000001
73712 0.000001
1153056 0.000000
7867 0.000000
169279 0.000000
264347 0.000000
1116044 0.000000
1153024 0.000000
52000 0.000000
162075 0.000000
644494 0.000000
166825 0.000000
430711 0.000000
645088 0.000000
83746 0.000000
14429 0.000000
1153942 0.000000
606647 0.000000
293271 0.000000
315789 0.000000
175576 0.000000
210309 0.000000
35854 0.000000
12155 0.000000
1110563 0.000000
168958 0.000000
60169 0.000000
55801 0.000000
1119623 0.000000
17242 0.000000
1123215 0.000000
397590 0.000000
193347 0.000000
1112071 0.000000
375825 0.000000
671052 0.000000
645870 0.000000
648112 0.000000
648106 0.000000
367312 0.000000
9559 0.000000
159084 0.000000
594511 0.000000
169280 0.000000
71736 0.000000
632796 0.000000
714208 0.000000
654177 0.000000
787016 0.000000
137956 0.000000
74700 0.000000
1154229 0.000000
13024 0.000000
1130680 0.000000
1123553 0.000000
314459 0.000000
459213 0.000000
60159 0.000000
1117942 0.000000
280876 0.000000
561364 0.000000
13917 0.000000
853116 0.000000
632874 0.000000
693143 0.000000
103430 0.000000
662572 0.000000
643199 0.000000
592996 0.000000
683294 0.000000
642920 0.000000
126868 0.000000
561611 0.000000
136767 0.000000
145315 0.000000
34082 0.000000
14431 0.000000
429805 0.000000
124224 0.000000
263553 0.000000
662416 0.000000
1103031 0.000000
1103969 0.000000
73119 0.000000
41216 0.000000
684972 0.000000
626574 0.000000
51052 0.000000
133567 0.000000
216877 0.000000
13205 0.000000
80515 0.000000
27606 0.000000
1050679 0.000000
1103960 0.000000
1103985 0.000000
1109199 0.000000
1112911 0.000000
1127430 0.000000
1128204 0.000000
1128453 0.000000
1128945 0.000000
1128959 0.000000
1129018 0.000000
1129027 0.000000
1129573 0.000000
1129778 0.000000
1130847 0.000000
1130856 0.000000
1131752 0.000000
1133338 0.000000
1136814 0.000000
1137466 0.000000
1152508 0.000000
1153065 0.000000
1153577 0.000000
1154176 0.000000
128540 0.000000
18582 0.000000
206371 0.000000
259701 0.000000
289779 0.000000
387795 0.000000
45599 0.000000
561238 0.000000
574009 0.000000
574462 0.000000
575331 0.000000
577227 0.000000
594543 0.000000
594900 0.000000
634902 0.000000
634904 0.000000
634938 0.000000
634975 0.000000
646837 0.000000
694759 0.000000
801170 0.000000
81722 0.000000
97645 0.000000
98698 0.000000
1109017 0.000000
1105394 0.000000
1114125 0.000000
136665 0.000000
191404 0.000000
64484 0.000000
189708 0.000000
1118092 0.000000
218666 0.000000
1102364 0.000000
1112650 0.000000
1105033 0.000000
1111304 0.000000
1113614 0.000000
299195 0.000000
1105530 0.000000
1110520 0.000000
1116569 0.000000
1118848 0.000000
1120858 0.000000
1129111 0.000000
12946 0.000000
160705 0.000000
31043 0.000000
67292 0.000000
94953 0.000000
940 0.000000
1129798 0.000000
1153945 0.000000
1107062 0.000000
1154525 0.000000
409725 0.000000
8766 0.000000
1108167 0.000000
1123867 0.000000
1129208 0.000000
1135358 0.000000
192734 0.000000
444240 0.000000
552469 0.000000
636098 0.000000
1102407 0.000000
1105062 0.000000
1110494 0.000000
1114605 0.000000
1120866 0.000000
1129443 0.000000
1131745 0.000000
1132922 0.000000
1135368 0.000000
1136442 0.000000
1152821 0.000000
171225 0.000000
26850 0.000000
39904 0.000000
853150 0.000000
948846 0.000000
949318 0.000000
1102567 0.000000
1111614 0.000000
399173 0.000000
4878 0.000000
1134022 0.000000
1694 0.000000
647413 0.000000
1115291 0.000000
1116336 0.000000
1135108 0.000000
1108389 0.000000
1108551 0.000000
1109439 0.000000
1109542 0.000000
1113852 0.000000
74749 0.000000
1061127 0.000000
1107095 0.000000
1117786 0.000000
1120650 0.000000
1153254 0.000000
136768 0.000000
23546 0.000000
49847 0.000000
107177 0.000000
211906 0.000000
1115375 0.000000
1130676 0.000000
1131607 0.000000
1135899 0.000000
1140230 0.000000
236759 0.000000
282700 0.000000
395540 0.000000
696342 0.000000
1119671 0.000000
1113035 0.000000
630817 0.000000
1108169 0.000000
1120197 0.000000
342802 0.000000
1114192 0.000000
1118083 0.000000
1123239 0.000000
256106 0.000000
1107171 0.000000
255233 0.000000
30973 0.000000
1152564 0.000000
470511 0.000000
77829 0.000000
1110000 0.000000
129896 0.000000
137873 0.000000
423463 0.000000
1115677 0.000000
1130634 0.000000
120039 0.000000
39124 0.000000
40922 0.000000
69397 0.000000
1108209 0.000000
1109392 0.000000
1125082 0.000000
1130915 0.000000
1130927 0.000000
1130931 0.000000
1132418 0.000000
1140289 0.000000
390922 0.000000
7022 0.000000
82087 0.000000
919885 0.000000
1102761 0.000000
1107067 0.000000
1115471 0.000000
1153169 0.000000
259126 0.000000
328370 0.000000
63477 0.000000
1125467 0.000000
976284 0.000000
1110531 0.000000
854434 0.000000
1110768 0.000000
395547 0.000000
1112929 0.000000
1132461 0.000000
1136393 0.000000
1152917 0.000000
119956 0.000000
120013 0.000000
32688 0.000000
69418 0.000000
949217 0.000000
1136310 0.000000
1140547 0.000000
1102548 0.000000
1120020 0.000000
628815 0.000000
164 0.000000
135765 0.000000
135766 0.000000
5038 0.000000
1112574 0.000000
68505 0.000000
28026 0.000000
1121176 0.000000
1129106 0.000000
272345 0.000000
109323 0.000000
1105698 0.000000
140569 0.000000
1117833 0.000000
385251 0.000000
1106547 0.000000
1107355 0.000000
1385 0.000000
1106966 0.000000
1114629 0.000000
1109957 0.000000
1111230 0.000000
1113182 0.000000
1113459 0.000000
1117760 0.000000
1128267 0.000000
195361 0.000000
241133 0.000000
628667 0.000000
1115886 0.000000
1152740 0.000000
93320 0.000000
10793 0.000000
1123991 0.000000
1130356 0.000000
1112665 0.000000
28473 0.000000
1102646 0.000000
568045 0.000000
1130637 0.000000
49895 0.000000
1116629 0.000000
1123188 0.000000
1117219 0.000000
1152150 0.000000
1105011 0.000000
1131230 0.000000
703953 0.000000
1153811 0.000000
1155073 0.000000
308003 0.000000
1114526 0.000000
1118658 0.000000
57922 0.000000
1115670 0.000000
323128 0.000000
1120880 0.000000
1121603 0.000000
1153097 0.000000
1113534 0.000000
1131348 0.000000
409255 0.000000
1138027 0.000000
1128531 0.000000
1153148 0.000000
1153866 0.000000
133615 0.000000
55403 0.000000
601567 0.000000
1120059 0.000000
167205 0.000000
38000 0.000000
101145 0.000000
502574 0.000000
59244 0.000000
89335 0.000000
785678 0.000000
1133390 0.000000
102879 0.000000
1102794 0.000000
252725 0.000000
28674 0.000000
158614 0.000000
211875 0.000000
711598 0.000000
68495 0.000000
1114336 0.000000
1120713 0.000000
259772 0.000000
1103394 0.000000
22566 0.000000
1102850 0.000000
1129442 0.000000
31336 0.000000
31349 0.000000
43698 0.000000
686532 0.000000
31097 0.000000
46536 0.000000
1154500 0.000000
252715 0.000000
1102873 0.000000
1127657 0.000000
11326 0.000000
211432 0.000000
45061 0.000000
1126350 0.000000
1059953 0.000000
1117249 0.000000
1153183 0.000000
28640 0.000000
309476 0.000000
1107319 0.000000
1131611 0.000000
1132285 0.000000
1152490 0.000000
1153861 0.000000
1131634 0.000000
1071981 0.000000
1104999 0.000000
1105221 0.000000
1107674 0.000000
416455 0.000000
574710 0.000000
63832 0.000000
899119 0.000000
37998 0.000000
1119216 0.000000
239829 0.000000
12558 0.000000
1116146 0.000000
1131165 0.000000
51831 0.000000
1114992 0.000000
1131167 0.000000
1131236 0.000000
1131312 0.000000
644334 0.000000
184157 0.000000
95435 0.000000
1107136 0.000000
245955 0.000000
1106854 0.000000
173863 0.000000
18774 0.000000
18785 0.000000
510715 0.000000
1152944 0.000000
593328 0.000000
1153736 0.000000
30934 0.000000
1128846 0.000000
1131464 0.000000
649730 0.000000
649739 0.000000
1108597 0.000000
1116397 0.000000
1116839 0.000000
1119180 0.000000
112813 0.000000
1130653 0.000000
1130657 0.000000
1138091 0.000000
1152244 0.000000
1153877 0.000000
1153879 0.000000
1153889 0.000000
566488 0.000000
566653 0.000000
566664 0.000000
1106849 0.000000
1127863 0.000000
1116530 0.000000
1116181 0.000000
1103383 0.000000
1107418 0.000000
1128369 0.000000
22241 0.000000
595193 0.000000
22564 0.000000
1105433 0.000000
1111978 0.000000
18251 0.000000
217852 0.000000
1153064 0.000000
1111265 0.000000
1103499 0.000000
1106671 0.000000
1154042 0.000000
65212 0.000000
1153897 0.000000
1104769 0.000000
1110028 0.000000
1121063 0.000000
23545 0.000000
1128990 0.000000
1128542 0.000000
1112026 0.000000
325497 0.000000
1152436 0.000000
118558 0.000000
1152910 0.000000
365294 0.000000
595157 0.000000
1125402 0.000000
1125944 0.000000
1122574 0.000000
400473 0.000000
155277 0.000000
48066 0.000000
1063773 0.000000
1124844 0.000000
1135746 0.000000
1152162 0.000000
1152272 0.000000
1152904 0.000000
286562 0.000000
686559 0.000000
40583 0.000000
632935 0.000000
9581 0.000000
67245 0.000000
67246 0.000000
84695 0.000000
1132887 0.000000
78549 0.000000
1119004 0.000000
1111186 0.000000
1114398 0.000000
192870 0.000000
90655 0.000000
13982 0.000000
503871 0.000000
59772 0.000000
1104031 0.000000
1128974 0.000000
41732 0.000000
28359 0.000000
390894 0.000000
350373 0.000000
46500 0.000000
590022 0.000000
1128997 0.000000
1104191 0.000000
1128881 0.000000
1128927 0.000000
116081 0.000000
116087 0.000000
46476 0.000000
1123689 0.000000
1154233 0.000000
1104261 0.000000
884094 0.000000
1113551 0.000000
943087 0.000000
1118120 0.000000
1152179 0.000000
42209 0.000000
1116835 0.000000
1131195 0.000000
206524 0.000000
48075 0.000000
1104435 0.000000
1131266 0.000000
1130929 0.000000
1132385 0.000000
1104495 0.000000
1152569 0.000000
1153106 0.000000
47683 0.000000
1124837 0.000000
1134865 0.000000
397488 0.000000
423816 0.000000
1112369 0.000000
217984 0.000000
49753 0.000000
49720 0.000000
1104749 0.000000
73972 0.000000
1104809 0.000000
52007 0.000000
1112194 0.000000
1136791 0.000000
1128982 0.000000
1104946 0.000000
1119178 0.000000
239810 0.000000
1154524 0.000000
235670 0.000000
1113828 0.000000
248395 0.000000
1128208 0.000000
576973 0.000000
96845 0.000000
1106764 0.000000
94416 0.000000
650834 0.000000
62333 0.000000
1107325 0.000000
1107558 0.000000
294145 0.000000
312409 0.000000
1105360 0.000000
1125909 0.000000
1110209 0.000000
1117920 0.000000
1112319 0.000000
362926 0.000000
573535 0.000000
1105505 0.000000
1153031 0.000000
1127566 0.000000
593068 0.000000
1118347 0.000000
899085 0.000000
714879 0.000000
50980 0.000000
1120252 0.000000
1105877 0.000000
74920 0.000000
74921 0.000000
1128856 0.000000
77112 0.000000
1129994 0.000000
1129907 0.000000
613409 0.000000
662279 0.000000
1121659 0.000000
1131466 0.000000
1128198 0.000000
1106298 0.000000
1133047 0.000000
509233 0.000000
577086 0.000000
1133469 0.000000
1114184 0.000000
18532 0.000000
1153786 0.000000
1116328 0.000000
1152379 0.000000
237376 0.000000
1152958 0.000000
143801 0.000000
1111733 0.000000
990075 0.000000
594025 0.000000
596075 0.000000
1154074 0.000000
1113742 0.000000
1095507 0.000000
1107385 0.000000
578898 0.000000
310653 0.000000
1125258 0.000000
1107728 0.000000
1107808 0.000000
1115166 0.000000
1121739 0.000000
1109566 0.000000
1152394 0.000000
1154276 0.000000
1119742 0.000000
1126011 0.000000
1108258 0.000000
126867 0.000000
126909 0.000000
126920 0.000000
1114364 0.000000
243274 0.000000
128202 0.000000
1108363 0.000000
1121313 0.000000
907845 0.000000
1108570 0.000000
481073 0.000000
164885 0.000000
1118286 0.000000
1108841 0.000000
1131345 0.000000
917493 0.000000
1128975 0.000000
1136342 0.000000
595063 0.000000
294126 0.000000
649944 0.000000
1109185 0.000000
1109208 0.000000
1120786 0.000000
987197 0.000000
1131223 0.000000
561568 0.000000
561593 0.000000
561613 0.000000
1112106 0.000000
1133846 0.000000
154047 0.000000
154023 0.000000
1130934 0.000000
1133028 0.000000
1118017 0.000000
1152711 0.000000
159085 0.000000
241821 0.000000
1128853 0.000000
1153922 0.000000
1109830 0.000000
737204 0.000000
1135345 0.000000
1138755 0.000000
820662 0.000000
1152859 0.000000
1110628 0.000000
1120084 0.000000
1131550 0.000000
650814 0.000000
1110950 0.000000
1129518 0.000000
1134346 0.000000
191216 0.000000
612306 0.000000
1154520 0.000000
126128 0.000000
563613 0.000000
99030 0.000000
1130568 0.000000
1130586 0.000000
628764 0.000000
628766 0.000000
950986 0.000000
1128151 0.000000
1152663 0.000000
1112417 0.000000
567018 0.000000
1122304 0.000000
1128946 0.000000
228992 0.000000
1133428 0.000000
696343 0.000000
1113084 0.000000
12275 0.000000
57773 0.000000
1113541 0.000000
1121398 0.000000
1114838 0.000000
1152959 0.000000
1153784 0.000000
1152858 0.000000
1131198 0.000000
270085 0.000000
1139195 0.000000
1117049 0.000000
1117089 0.000000
1118546 0.000000
1119211 0.000000
746058 0.000000
400455 0.000000
1119654 0.000000
60560 0.000000
1120019 0.000000
368657 0.000000
1154173 0.000000
1105622 0.000000
1132416 0.000000
1123093 0.000000
1123493 0.000000
1131374 0.000000
1125597 0.000000
1125906 0.000000
1125953 0.000000
1125993 0.000000
1132864 0.000000
1126315 0.000000
561582 0.000000
646440 0.000000
1127541 0.000000
1127551 0.000000
1127810 0.000000
1138970 0.000000
1131734 0.000000
1128201 0.000000
593559 0.000000
593560 0.000000
593248 0.000000
1153896 0.000000
1129021 0.000000
1129040 0.000000
1129368 0.000000
1129369 0.000000
1129494 0.000000
1153946 0.000000
1130069 0.000000
1130080 0.000000
1130243 0.000000
1130454 0.000000
1154012 0.000000
626531 0.000000
628459 0.000000
633031 0.000000
633030 0.000000
1131163 0.000000
1131164 0.000000
1131172 0.000000
644470 0.000000
1131180 0.000000
1131301 0.000000
1131335 0.000000
645046 0.000000
646334 0.000000
646357 0.000000
1131184 0.000000
642930 0.000000
1131189 0.000000
1131192 0.000000
1131305 0.000000
1131334 0.000000
643777 0.000000
1131314 0.000000
1154071 0.000000
1131330 0.000000
1131359 0.000000
1131421 0.000000
1131420 0.000000
648121 0.000000
1131414 0.000000
1133930 0.000000
1131741 0.000000
654339 0.000000
1131754 0.000000
1131828 0.000000
1132073 0.000000
1132406 0.000000
1132443 0.000000
1132857 0.000000
682508 0.000000
1133008 0.000000
1134031 0.000000
1134056 0.000000
1134197 0.000000
1154230 0.000000
735311 0.000000
1135455 0.000000
1140548 0.000000
1135955 0.000000
1136631 0.000000
1136634 0.000000
753264 0.000000
1136040 0.000000
1136110 0.000000
1136449 0.000000
762980 0.000000
1137140 0.000000
1138619 0.000000
820661 0.000000
1139009 0.000000
1140231 0.000000
853114 0.000000
131122 0.000000
180301 0.000000
647315 0.000000
131317 0.000000
114966 0.000000
459206 0.000000
463 0.000000
139738 0.000000
115188 0.000000
57932 0.000000
688824 0.000000
582349 0.000000
688849 0.000000
140005 0.000000
238401 0.000000
91038 0.000000
754594 0.000000
17363 0.000000
17488 0.000000
58453 0.000000
156794 0.000000
648369 0.000000
189623 0.000000
66809 0.000000
288107 0.000000
17821 0.000000
321004 0.000000
50807 0.000000
149139 0.000000
779960 0.000000
132821 0.000000
116512 0.000000
182093 0.000000
337766 0.000000
18313 0.000000
616336 0.000000
1951 0.000000
75693 0.000000
75694 0.000000
10174 0.000000
739280 0.000000
43165 0.000000
141596 0.000000
100701 0.000000
379288 0.000000
133628 0.000000
68115 0.000000
166420 0.000000
27246 0.000000
248431 0.000000
51934 0.000000
101261 0.000000
199571 0.000000
617378 0.000000
11337 0.000000
44121 0.000000
158812 0.000000
617575 0.000000
93318 0.000000
289945 0.000000
134315 0.000000
134320 0.000000
593201 0.000000
593209 0.000000
232860 0.000000
380341 0.000000
642593 0.000000
93755 0.000000
642641 0.000000
421481 0.000000
28267 0.000000
61073 0.000000
118424 0.000000
118435 0.000000
102061 0.000000
28389 0.000000
814836 0.000000
61312 0.000000
12194 0.000000
815073 0.000000
143476 0.000000
594039 0.000000
348305 0.000000
446610 0.000000
594119 0.000000
258259 0.000000
610529 0.000000
86258 0.000000
733576 0.000000
168332 0.000000
4553 0.000000
430574 0.000000
684531 0.000000
102939 0.000000
594483 0.000000
135798 0.000000
643735 0.000000
78508 0.000000
250566 0.000000
529165 0.000000
4983 0.000000
709518 0.000000
119712 0.000000
824245 0.000000
177115 0.000000
95198 0.000000
37879 0.000000
29738 0.000000
111676 0.000000
62607 0.000000
111770 0.000000
734406 0.000000
644361 0.000000
644363 0.000000
95588 0.000000
95597 0.000000
193918 0.000000
46470 0.000000
292277 0.000000
112099 0.000000
579108 0.000000
390693 0.000000
13966 0.000000
71336 0.000000
325314 0.000000
628458 0.000000
202522 0.000000
38771 0.000000
604073 0.000000
260121 0.000000
219218 0.000000
653628 0.000000
645452 0.000000
31055 0.000000
817774 0.000000
318071 0.000000
72406 0.000000
47839 0.000000
662250 0.000000
318187 0.000000
375605 0.000000
64319 0.000000
219976 0.000000
187260 0.000000
7041 0.000000
121792 0.000000
621555 0.000000
285687 0.000000
752684 0.000000
15431 0.000000
416867 0.000000
72805 0.000000
7296 0.000000
212097 0.000000
212107 0.000000
646289 0.000000
654519 0.000000
416964 0.000000
466170 0.000000
220420 0.000000
646412 0.000000
687401 0.000000
408885 0.000000
711994 0.000000
163235 0.000000
384428 0.000000
302545 0.000000
179706 0.000000
245288 0.000000
360028 0.000000
228990 0.000000
48768 0.000000
458439 0.000000
253762 0.000000
376704 0.000000
278403 0.000000
24530 0.000000
262108 0.000000
262121 0.000000
