58454 2707.000000
5348 2707.000000
1102548 2707.000000
7867 2707.000000
2696 2707.000000
1120880 2707.000000
15429 2707.000000
31353 2707.000000
11339 2707.000000
11326 2707.000000
34979 2707.000000
10177 2707.000000
245955 2707.000000
155277 2707.000000
10531 2707.000000
13982 2707.000000
59772 2707.000000
1104191 2707.000000
1131195 2707.000000
1104435 2707.000000
1124837 2707.000000
423816 2707.000000
49753 2707.000000
49720 2707.000000
123556 2707.000000
1104749 2707.000000
73972 2707.000000
14545 2707.000000
576973 2707.000000
35335 2707.000000
294145 2707.000000
899085 2707.000000
50980 2707.000000
103430 2707.000000
75318 2707.000000
89308 2707.000000
1125258 2707.000000
1107728 2707.000000
1107808 2707.000000
1152394 2707.000000
50354 2707.000000
1108570 2707.000000
154047 2707.000000
154023 2707.000000
1110628 2707.000000
1110950 2707.000000
1112417 2707.000000
228992 2707.000000
1113084 2707.000000
578845 2707.000000
1152858 2707.000000
1117049 2707.000000
193352 2707.000000
400455 2707.000000
1119654 2707.000000
67633 2707.000000
60560 2707.000000
1120019 2707.000000
368657 2707.000000
1154173 2707.000000
375825 2707.000000
48781 2707.000000
1105622 2707.000000
1123493 2707.000000
1126315 2707.000000
58758 2707.000000
1129021 2707.000000
1129040 2707.000000
1129494 2707.000000
1153946 2707.000000
1130069 2707.000000
1130080 2707.000000
1130243 2707.000000
628459 2707.000000
633031 2707.000000
633030 2707.000000
1131163 2707.000000
1131330 2707.000000
1131414 2707.000000
1133930 2707.000000
1131754 2707.000000
1132073 2707.000000
1133008 2707.000000
1134056 2707.000000
1134197 2707.000000
1135955 2707.000000
1136040 2707.000000
1137140 2707.000000
1138619 2707.000000
820661 2707.000000
1139009 2707.000000
180301 2707.000000
114966 2707.000000
463 2707.000000
115188 2707.000000
688824 2707.000000
754594 2707.000000
648369 2707.000000
17821 2707.000000
321004 2707.000000
50807 2707.000000
779960 2707.000000
116512 2707.000000
43165 2707.000000
379288 2707.000000
133628 2707.000000
51934 2707.000000
617378 2707.000000
44121 2707.000000
617575 2707.000000
232860 2707.000000
380341 2707.000000
642593 2707.000000
421481 2707.000000
814836 2707.000000
348305 2707.000000
594119 2707.000000
610529 2707.000000
4553 2707.000000
430574 2707.000000
594483 2707.000000
529165 2707.000000
4983 2707.000000
709518 2707.000000
824245 2707.000000
29738 2707.000000
111676 2707.000000
62607 2707.000000
292277 2707.000000
628458 2707.000000
38771 2707.000000
604073 2707.000000
219218 2707.000000
653628 2707.000000
817774 2707.000000
47839 2707.000000
662250 2707.000000
187260 2707.000000
7041 2707.000000
121792 2707.000000
621555 2707.000000
752684 2707.000000
72805 2707.000000
654519 2707.000000
646412 2707.000000
408885 2707.000000
711994 2707.000000
384428 2707.000000
302545 2707.000000
228990 2707.000000
458439 2707.000000
376704 2707.000000
1123239 1353.500000
12197 1353.500000
9515 1353.500000
31336 1353.500000
43698 1353.500000
14807 1353.500000
1112194 1353.500000
1128208 1353.500000
1108258 1353.500000
649944 1353.500000
1123215 1353.500000
1112106 1353.500000
1133846 1353.500000
1112071 1353.500000
746058 1353.500000
1131184 1353.500000
648106 1353.500000
1132857 1353.500000
367312 1353.500000
9559 1353.500000
739280 1353.500000
683294 1353.500000
233106 1353.500000
642920 1353.500000
126868 1353.500000
430711 1353.500000
160732 1353.500000
62676 1353.500000
145315 1353.500000
522338 1353.500000
155158 1353.500000
73712 1353.500000
315789 902.333333
1102794 902.333333
252725 902.333333
10169 902.333333
27606 902.333333
1102850 902.333333
44017 902.333333
45061 902.333333
6898 902.333333
210309 902.333333
89547 902.333333
1063773 902.333333
286562 902.333333
686559 902.333333
397488 902.333333
289088 902.333333
33895 902.333333
14083 902.333333
312409 902.333333
52003 902.333333
23069 902.333333
1105877 902.333333
103528 902.333333
1154074 902.333333
141160 902.333333
126867 902.333333
294126 902.333333
397590 902.333333
8687 902.333333
1152711 902.333333
1128853 902.333333
75969 902.333333
12275 902.333333
630890 902.333333
1132416 902.333333
671052 902.333333
1132864 902.333333
683360 902.333333
642930 902.333333
648112 902.333333
648121 902.333333
682508 902.333333
74937 902.333333
288107 902.333333
149139 902.333333
159084 902.333333
212097 902.333333
212107 902.333333
342802 676.750000
2695 676.750000
314459 676.750000
1138027 676.750000
1129442 676.750000
31349 676.750000
175576 676.750000
35854 676.750000
168958 676.750000
1119623 676.750000
159085 676.750000
241821 676.750000
162080 676.750000
612306 676.750000
193347 676.750000
1153195 676.750000
593559 676.750000
593560 676.750000
1131421 676.750000
1131420 676.750000
504 676.750000
853115 676.750000
738941 676.750000
626530 676.750000
267824 676.750000
124224 541.400000
12631 541.400000
158614 541.400000
686532 541.400000
264347 541.400000
853116 541.400000
74700 541.400000
74920 541.400000
74921 541.400000
1119211 541.400000
19621 541.400000
853155 541.400000
134315 541.400000
134320 541.400000
235683 541.400000
80491 541.400000
1102364 451.166667
506 451.166667
89416 451.166667
2698 451.166667
78994 451.166667
80515 451.166667
7532 451.166667
12638 451.166667
206524 451.166667
52000 451.166667
235670 451.166667
231198 451.166667
1116328 451.166667
1152379 451.166667
237376 451.166667
1131345 451.166667
133553 451.166667
917493 451.166667
162075 451.166667
69198 451.166667
1139195 451.166667
1130454 451.166667
1154012 451.166667
626574 451.166667
1132406 451.166667
1135455 451.166667
93755 451.166667
258259 451.166667
111770 451.166667
15431 451.166667
1112650 386.714286
1121603 386.714286
17798 386.714286
711598 386.714286
48075 386.714286
1154524 386.714286
1109830 386.714286
626531 386.714286
853114 386.714286
1120197 338.375000
256106 338.375000
1104809 338.375000
1135345 338.375000
739707 338.375000
235679 338.375000
235678 338.375000
57773 338.375000
1114192 300.777778
7537 300.777778
633081 300.777778
14430 300.777778
1128846 270.700000
628888 270.700000
52007 270.700000
737204 270.700000
853118 270.700000
1153097 246.090909
40605 246.090909
662279 246.090909
137130 246.090909
14428 246.090909
1130780 225.583333
1103031 225.583333
1103969 225.583333
14431 225.583333
65074 225.583333
14429 208.230769
34082 208.230769
73119 208.230769
1119216 208.230769
1113534 193.357143
1131348 193.357143
409255 193.357143
632796 193.357143
632874 193.357143
689439 193.357143
1106546 180.466667
884094 180.466667
31489 180.466667
633585 169.187500
1153024 169.187500
40583 169.187500
633721 169.187500
4804 159.235294
12210 150.388889
67415 150.388889
12195 150.388889
24476 150.388889
51180 142.473684
9581 142.473684
65057 142.473684
38722 135.350000
616336 135.350000
12350 123.045455
632935 117.695652
1112574 112.791667
77515 112.791667
1107319 112.791667
68505 108.280000
1103499 108.280000
1135746 104.115385
102884 100.259259
45189 96.678571
1132285 96.678571
23070 93.344828
12182 87.322581
68495 87.322581
152227 84.593750
9513 82.030303
20601 82.030303
20602 82.030303
134307 82.030303
74698 79.617647
87915 75.194444
141171 73.162162
45188 73.162162
179702 71.236842
1131719 69.410256
155736 69.410256
1132385 69.410256
28649 69.410256
134316 66.024390
1121569 64.452381
102879 62.953488
987197 62.953488
25413 61.522727
1117249 60.155556
28632 60.155556
28640 60.155556
424540 60.155556
1121537 60.155556
12155 60.155556
11148 60.155556
1059953 58.847826
155738 54.140000
1130929 54.140000
142268 54.140000
1153786 53.078431
232606 53.078431
1117920 52.057692
179706 52.057692
1116044 51.075472
1152859 51.075472
1132809 50.129630
232605 50.129630
1129835 50.129630
1153183 50.129630
18536 50.129630
193354 49.218182
1110209 47.491228
8594 47.491228
134314 47.491228
416867 47.491228
48555 43.661290
86923 40.402985
1106854 39.231884
1154525 37.597222
1135750 37.597222
709113 37.082192
1213 36.581081
180187 36.581081
58268 36.581081
8591 36.581081
573553 36.093333
646195 35.155844
171954 34.265823
38537 33.837500
18532 33.012195
66751 33.012195
1114184 32.226190
820662 30.761364
1131270 30.415730
137956 29.747253
1134031 29.423913
8766 29.107527
167205 29.107527
13024 29.107527
409725 28.797872
1129608 28.494737
899119 28.197917
644334 28.197917
1131277 27.622449
1131167 27.343434
1138970 27.343434
153063 26.801980
1138043 26.539216
695284 26.281553
137868 25.780952
642847 25.780952
573535 25.780952
693143 25.780952
1138755 25.780952
1131258 25.780952
645084 23.336207
642621 23.136752
645088 22.940678
642681 21.830645
77108 21.830645
561568 21.656000
561613 21.484127
132821 21.314961
561593 21.148438
16819 21.148438
1131223 20.984496
561595 20.823077
561610 20.664122
642641 19.198582
1131164 19.063380
643221 18.930070
644441 18.930070
126793 18.541096
1131312 18.414966
77112 18.290541
1131300 17.577922
643003 17.464516
561611 17.242038
643485 16.918750
1131257 16.813665
644577 16.813665
1131334 16.709877
643069 16.506098
1131305 16.506098
644448 16.406061
561581 16.307229
643239 16.307229
1131274 16.209581
642894 16.209581
1131335 16.113095
16843 15.647399
561809 15.557471
1131189 14.792350
644427 14.711957
1131301 14.475936
14090 14.398936
644843 14.247368
644494 14.172775
644470 13.953608
1131180 13.953608
642798 13.953608
645046 13.953608
645870 13.953608
1131314 13.953608
646334 13.811224
646357 13.811224
562067 13.671717
1131192 13.671717
561582 13.400990
1152259 13.269608
1152991 13.269608
1127558 13.269608
646440 13.077295
1103016 12.649533
645016 12.590698
1131172 12.193694
67584 11.872807
1127566 11.820961
561789 11.820961
71736 11.718615
644361 11.004065
644363 11.004065
645452 11.004065
1154071 10.915323
1127551 10.292776
561674 10.292776
1127541 9.053512
4584 0.277073
1113934 0.270592
114 0.268312
1365 0.266463
1481 0.264304
1130600 0.263635
188471 0.263635
628500 0.263635
1128839 0.261698
1116347 0.260991
1113739 0.260564
13960 0.259590
976334 0.259217
782486 0.258993
1031453 0.258647
23258 0.257957
3243 0.257466
28287 0.256709
434 0.256636
28278 0.256296
124064 0.256199
6155 0.256151
6216 0.255981
6196 0.255908
2653 0.255185
38480 0.254776
1106052 0.254393
128 0.254298
755217 0.253750
168410 0.253750
117 0.253298
193742 0.253109
1110947 0.250532
6214 0.250347
1104055 0.250208
6209 0.250092
4660 0.249126
65653 0.249011
13885 0.248828
350362 0.248714
1119140 0.248600
28485 0.247826
132806 0.247712
28471 0.247644
5966 0.247034
30895 0.246786
18615 0.246764
22875 0.246741
93320 0.246719
55968 0.246113
161221 0.246024
1103315 0.246001
341188 0.245934
1102625 0.245511
32083 0.245177
1126029 0.245110
6210 0.245066
39403 0.244977
345340 0.244955
1108267 0.244469
6184 0.244380
91975 0.244226
28387 0.244072
10798 0.244050
1113995 0.243786
1117942 0.243676
6151 0.243435
6213 0.243435
1136422 0.243435
1152143 0.243370
1272 0.242976
560936 0.242955
30901 0.242846
167656 0.242780
8213 0.242194
6220 0.241891
28491 0.241891
1114352 0.241783
1106172 0.241373
18777 0.241309
1135125 0.241094
1102550 0.241072
1114388 0.241029
1107455 0.240986
1111052 0.240986
1106406 0.240922
58540 0.240793
28227 0.240772
28350 0.240751
8699 0.240665
97892 0.240302
1110998 0.240217
188318 0.240195
36167 0.239982
10796 0.239558
1130567 0.239494
1120020 0.239388
628815 0.239367
33013 0.239282
13917 0.239219
293285 0.239219
35922 0.239177
69392 0.239113
6170 0.239029
567005 0.238902
1118245 0.238691
2654 0.238544
180373 0.238355
28202 0.238146
1114125 0.237936
521207 0.237873
1106112 0.237727
6771 0.237519
4649 0.237373
130 0.237061
88356 0.236709
1120962 0.236481
24966 0.236399
1118332 0.236337
1000012 0.236275
96335 0.236130
28957 0.236028
1120170 0.235925
1114864 0.235822
65650 0.235781
1105450 0.235781
200480 0.235699
1107861 0.235658
340075 0.235596
175291 0.235432
1135137 0.235391
189577 0.235228
436796 0.235187
1108329 0.235187
3217 0.235105
120084 0.234820
17476 0.234474
23502 0.234291
49482 0.234251
83826 0.234251
948299 0.234251
1120563 0.234170
3229 0.234170
149669 0.234089
1131647 0.234048
1131748 0.234048
1154169 0.234048
157401 0.234048
90888 0.234048
949511 0.234048
7297 0.233846
1117184 0.233805
128540 0.233644
387795 0.233644
91581 0.233584
444240 0.233523
299197 0.233503
6378 0.233503
7276 0.233463
1106287 0.233443
27623 0.233422
1109957 0.233302
562123 0.233181
368431 0.233141
28487 0.233081
417017 0.233001
1111304 0.232860
5055 0.232860
28447 0.232780
7432 0.232760
1105394 0.232640
136665 0.232620
191404 0.232620
64484 0.232620
1132968 0.232620
1117653 0.232600
12576 0.232540
197783 0.232500
52835 0.232460
1120211 0.232380
23507 0.232201
1116842 0.232141
1152075 0.232141
1119751 0.232102
1109199 0.232022
27631 0.232022
181782 0.231962
31043 0.231942
6917 0.231942
18619 0.231942
1129208 0.231923
230300 0.231883
521269 0.231863
184918 0.231843
1122425 0.231843
672064 0.231784
28249 0.231744
649731 0.231486
23448 0.231466
56709 0.231466
330148 0.231447
1114153 0.231427
950052 0.231427
950305 0.231427
1118764 0.231407
1107312 0.231368
1116594 0.231348
139865 0.231348
171225 0.231348
340299 0.231348
1108050 0.231308
1114605 0.231249
1131745 0.231249
39904 0.231249
1102407 0.231229
1105062 0.231229
1110494 0.231229
1120866 0.231229
1129443 0.231229
1132922 0.231229
1135368 0.231229
1136442 0.231229
1152821 0.231229
22835 0.231229
237521 0.231229
26850 0.231229
648232 0.231229
77758 0.231229
85299 0.231229
853150 0.231229
93555 0.231229
948846 0.231229
949318 0.231229
641976 0.231229
92065 0.231209
131318 0.231170
1119295 0.231071
4335 0.231052
1123553 0.231032
1107067 0.230992
112378 0.230776
8875 0.230697
628668 0.230638
1116268 0.230619
1106630 0.230461
6224 0.230403
1104182 0.230344
353541 0.230324
20528 0.230265
1152277 0.230050
1152673 0.230050
1154251 0.230050
1153891 0.229855
463825 0.229777
1129243 0.229757
28254 0.229640
1102567 0.229621
1111614 0.229601
399173 0.229601
4878 0.229601
20942 0.229562
167670 0.229543
308529 0.229543
1999 0.229310
134128 0.229232
254923 0.229096
59798 0.229019
75674 0.228825
94713 0.228728
1050679 0.228709
31769 0.228651
27543 0.228632
8703 0.228593
906 0.228593
1106388 0.228458
20593 0.228381
242637 0.228342
13686 0.228342
48766 0.228323
18773 0.228265
6385 0.228208
118260 0.228150
1105764 0.228131
102406 0.228035
1107355 0.227958
1385 0.227958
1121867 0.227939
1152740 0.227939
39127 0.227824
13213 0.227728
6125 0.227594
96847 0.227555
6215 0.227460
1113459 0.227403
6163 0.227364
28542 0.227345
682666 0.227116
686061 0.227116
42847 0.227078
3222 0.226926
582343 0.226850
1104379 0.226755
1153056 0.226698
66794 0.226660
131042 0.226546
1123068 0.226546
636098 0.226432
1135358 0.226300
3223 0.226300
103537 0.226205
25772 0.226168
396412 0.226130
212930 0.226130
116790 0.226073
13966 0.226035
892139 0.226017
81350 0.225960
153598 0.225960
595056 0.225885
390922 0.225734
1120731 0.225659
95579 0.225659
20526 0.225433
307336 0.225283
56708 0.225264
52784 0.225058
25184 0.225021
32872 0.224965
18251 0.224965
31932 0.224909
1127851 0.224815
1106547 0.224778
116528 0.224647
240321 0.224629
3235 0.224610
1103610 0.224498
3236 0.224461
1114502 0.224442
13193 0.224442
854434 0.224424
17208 0.224405
628667 0.224405
1153933 0.224312
6152 0.224294
1111230 0.224294
241133 0.224294
1128267 0.224015
686015 0.223960
28641 0.223923
267003 0.223849
1110438 0.223849
1120169 0.223811
1152290 0.223811
13195 0.223774
86840 0.223737
601561 0.223737
170338 0.223719
27895 0.223405
294030 0.223387
1105932 0.223276
3218 0.223258
593260 0.223203
129897 0.223184
1105718 0.223166
104840 0.223074
1113614 0.223037
45599 0.223000
321861 0.222945
1120431 0.222908
22876 0.222872
17201 0.222872
3232 0.222835
59045 0.222780
107177 0.222688
399339 0.222688
299195 0.222597
35863 0.222597
1106370 0.222487
1108167 0.222341
95589 0.222304
206259 0.222231
1109581 0.222177
289885 0.222177
30817 0.222013
5038 0.221994
28412 0.221831
1112319 0.221776
180399 0.221649
424 0.221558
1131137 0.221522
68463 0.221468
79817 0.221450
35061 0.221323
189708 0.221251
1120444 0.221196
13212 0.221142
1114222 0.220871
31479 0.220835
36162 0.220799
24974 0.220745
1132418 0.220727
39126 0.220691
1103960 0.220655
46491 0.220601
28230 0.220530
105899 0.220404
19231 0.220350
1110390 0.220296
70520 0.220207
1109392 0.220117
1102751 0.220063
3237 0.219974
28456 0.219920
27250 0.219885
8617 0.219795
82098 0.219760
18582 0.219742
447250 0.219599
429781 0.219581
1129096 0.219581
6784 0.219457
1104851 0.219297
57119 0.219297
910 0.219190
1105344 0.219119
1115886 0.218960
20534 0.218942
27174 0.218924
6941 0.218907
25181 0.218907
187354 0.218871
1106966 0.218871
1246 0.218836
118259 0.218801
1113182 0.218765
1117760 0.218765
7419 0.218730
1152194 0.218536
48550 0.218483
1118092 0.218342
1108834 0.218201
92589 0.218201
45605 0.218166
1132461 0.217815
73146 0.217815
1237 0.217797
575292 0.217780
1136397 0.217780
27632 0.217780
686030 0.217780
411092 0.217727
84459 0.217674
1103737 0.217622
688361 0.217552
1026 0.217465
239800 0.217430
1103676 0.217255
1154123 0.217238
1154124 0.217238
173884 0.217185
56119 0.217081
197452 0.216942
6217 0.216924
1153148 0.216855
1126044 0.216785
1131634 0.216647
1153943 0.216595
141868 0.216543
83725 0.216473
20584 0.216456
229635 0.216421
39165 0.216387
29492 0.216387
1131149 0.216370
14529 0.216318
144679 0.216180
277263 0.216162
1123087 0.216162
1105505 0.216162
1153811 0.216110
449841 0.216076
308232 0.216042
6343 0.215973
1140547 0.215955
1153922 0.215886
1106671 0.215766
31863 0.215646
1107572 0.215594
521183 0.215594
1140543 0.215491
1122580 0.215474
445938 0.215440
1128959 0.215251
346292 0.215097
964248 0.215063
510718 0.215029
101145 0.215029
285675 0.215029
200630 0.215029
82920 0.215029
1152162 0.214978
1152272 0.214978
1152904 0.214978
28489 0.214978
1123926 0.214961
72101 0.214841
1125895 0.214569
23774 0.214501
82087 0.214484
10981 0.214484
18774 0.214450
212777 0.214365
8872 0.214297
1130927 0.214280
1130931 0.214280
192734 0.214229
10183 0.214161
1154500 0.214161
20193 0.214161
252715 0.214161
6782 0.214144
157805 0.214043
66594 0.214026
284023 0.214026
1152958 0.214009
31483 0.213992
93923 0.213941
6741 0.213941
85452 0.213908
411005 0.213891
25791 0.213874
22886 0.213874
12337 0.213857
6923 0.213840
1123867 0.213756
552469 0.213756
1105672 0.213739
293271 0.213722
195361 0.213654
218410 0.213654
591016 0.213570
27230 0.213553
28385 0.213503
1102400 0.213469
85688 0.213385
631052 0.213368
284414 0.213301
520471 0.213301
1128256 0.213284
390896 0.213250
79809 0.213133
55770 0.212831
66982 0.212781
57764 0.212547
1152910 0.212497
49843 0.212447
35343 0.212447
592830 0.212414
260121 0.212414
1112686 0.212397
28473 0.212380
1131150 0.212364
1114629 0.212347
1103162 0.212347
31105 0.212064
1153101 0.212048
1153150 0.212048
173863 0.212048
1129573 0.211998
135130 0.211998
1129570 0.211915
28290 0.211882
1126037 0.211766
592826 0.211766
1152761 0.211683
1153860 0.211683
263279 0.211666
6169 0.211666
1114777 0.211633
416455 0.211617
1123756 0.211501
1105531 0.211468
1125386 0.211451
27530 0.211435
1106492 0.211418
40886 0.211402
1105033 0.211385
261040 0.211369
1131267 0.211319
33231 0.211237
1102442 0.211023
601567 0.211006
16485 0.210826
50337 0.210776
16008 0.210760
70444 0.210711
7272 0.210694
50336 0.210678
31097 0.210661
46536 0.210661
1131471 0.210629
62718 0.210629
70281 0.210629
51909 0.210612
395725 0.210596
390894 0.210580
95719 0.210563
194223 0.210547
83847 0.210530
18832 0.210514
255628 0.210465
8874 0.210367
1105116 0.210350
56112 0.210318
7047 0.210171
1129683 0.210154
1127810 0.210138
358894 0.210089
1128935 0.210073
395075 0.209943
211906 0.209910
671293 0.209878
133550 0.209845
1104449 0.209845
27241 0.209780
1103038 0.209634
1119987 0.209585
325497 0.209569
631015 0.209374
389715 0.209358
264556 0.209342
14549 0.209277
18834 0.209229
95586 0.209212
1105887 0.209083
152731 0.209067
1107367 0.209051
135765 0.209019
135766 0.209002
591017 0.208986
32698 0.208906
95718 0.208890
159897 0.208890
14531 0.208857
608292 0.208793
202639 0.208777
20592 0.208664
273152 0.208648
35 0.208632
144408 0.208616
73323 0.208616
27531 0.208600
3233 0.208568
521251 0.208568
16476 0.208568
238099 0.208487
15984 0.208487
1152676 0.208455
594649 0.208343
763181 0.208311
40124 0.208311
1123576 0.208311
23116 0.208311
63549 0.208311
27243 0.208311
1105433 0.208295
6318 0.208279
1154042 0.208263
124828 0.208247
145134 0.208247
145176 0.208247
19697 0.208247
27627 0.208247
65212 0.208247
28964 0.208199
1104647 0.208071
1110426 0.208055
40125 0.208055
1153275 0.208023
210872 0.208023
6814 0.208007
16461 0.207975
6639 0.207959
1131466 0.207911
309476 0.207895
35797 0.207847
1103979 0.207815
105057 0.207799
53942 0.207799
1128868 0.207767
119761 0.207767
589923 0.207751
1132157 0.207735
46470 0.207735
6344 0.207735
1152307 0.207704
1152448 0.207704
1152975 0.207704
1153703 0.207704
116084 0.207592
8619 0.207528
95435 0.207512
184157 0.207497
1115701 0.207417
1106568 0.207401
1153091 0.207401
1126012 0.207354
135464 0.207338
84021 0.207322
40135 0.207322
1118823 0.207306
1102646 0.207258
1131728 0.207242
217852 0.207116
190698 0.207100
647408 0.207005
47684 0.207005
1113438 0.206989
145215 0.206973
654177 0.206973
1121459 0.206973
190697 0.206878
1997 0.206862
1121254 0.206831
385572 0.206799
96851 0.206799
1956 0.206767
52515 0.206704
1105603 0.206673
33412 0.206641
62347 0.206641
46452 0.206641
210871 0.206610
100197 0.206610
1786 0.206594
179180 0.206594
1140289 0.206562
217984 0.206547
1112369 0.206531
1125082 0.206484
118559 0.206484
7022 0.206484
919885 0.206484
1108209 0.206468
444191 0.206468
654326 0.206468
1112767 0.206436
1118017 0.206389
576257 0.206326
1109891 0.206326
763010 0.206295
675847 0.206279
11342 0.206200
6130 0.206122
1130915 0.206091
1955 0.206075
1108728 0.206059
75121 0.206044
85324 0.206044
127033 0.205934
574710 0.205840
1140040 0.205777
51834 0.205715
390889 0.205699
1104999 0.205652
63832 0.205652
641956 0.205605
20850 0.205590
43186 0.205590
59626 0.205574
1105221 0.205543
1034 0.205527
1115471 0.205527
194645 0.205527
95642 0.205496
1107674 0.205480
13717 0.205449
1717 0.205387
1105428 0.205371
198443 0.205340
1071981 0.205216
575795 0.205216
502574 0.205185
193931 0.205138
763009 0.205107
227286 0.205091
12359 0.205029
166420 0.204905
272720 0.204874
46468 0.204796
123825 0.204688
1110563 0.204688
1125993 0.204688
1131464 0.204642
46501 0.204642
62274 0.204611
2665 0.204611
284025 0.204441
672070 0.204441
672071 0.204441
46431 0.204425
143801 0.204425
42156 0.204410
152219 0.204348
20972 0.204317
1108841 0.204286
74427 0.204286
1135894 0.204240
613409 0.204194
1129907 0.204179
118682 0.204132
1104300 0.204117
16474 0.204117
1136310 0.204086
62417 0.204086
755082 0.204086
1106330 0.204009
108047 0.203994
523010 0.203994
13658 0.203979
1128536 0.203917
16451 0.203917
235776 0.203779
12960 0.203656
31055 0.203626
286500 0.203595
192850 0.203564
28389 0.203488
358887 0.203411
1104258 0.203305
1112723 0.203289
1125467 0.203106
647447 0.203061
51866 0.203061
646809 0.203030
70442 0.202969
81714 0.202939
1125992 0.202924
1119078 0.202848
11335 0.202772
27535 0.202741
28504 0.202726
1153264 0.202635
35070 0.202635
3231 0.202574
108974 0.202483
34355 0.202468
197054 0.202393
49660 0.202347
592975 0.202287
67246 0.202226
67245 0.202211
126912 0.202166
89335 0.202136
59244 0.202121
372862 0.201985
98698 0.201925
1113541 0.201925
12211 0.201804
72406 0.201774
116087 0.201714
195150 0.201714
75972 0.201714
592986 0.201684
137359 0.201684
190706 0.201669
1033 0.201624
27612 0.201609
1128856 0.201594
1128881 0.201564
1128927 0.201564
116081 0.201564
46476 0.201564
739816 0.201519
49844 0.201504
49847 0.201414
263498 0.201354
385251 0.201324
594025 0.201324
708945 0.201279
6767 0.201114
682815 0.201099
1153942 0.201070
593060 0.201070
606647 0.201070
124952 0.201070
33325 0.200876
1152633 0.200786
42848 0.200697
1128437 0.200667
466170 0.200652
1153031 0.200623
16437 0.200608
1138968 0.200593
31083 0.200593
107251 0.200578
107252 0.200578
105856 0.200519
1120049 0.200519
1153262 0.200459
428610 0.200340
1104769 0.200237
131122 0.200237
315266 0.200222
1126503 0.200192
675649 0.200148
100961 0.200015
1116629 0.200015
60170 0.200015
12439 0.199970
95588 0.199867
95597 0.199867
63486 0.199852
36131 0.199823
1132459 0.199764
1120084 0.199514
194617 0.199499
293974 0.199440
110164 0.199411
20821 0.199381
1132434 0.199337
39210 0.199161
83449 0.199044
56167 0.199015
8961 0.198986
1128430 0.198912
300071 0.198883
1153816 0.198796
18781 0.198708
143323 0.198664
1128975 0.198548
595063 0.198548
289085 0.198460
140005 0.198359
20923 0.198330
1153945 0.198286
20924 0.198228
23738 0.198155
1132706 0.198141
75691 0.198126
1117348 0.198039
66782 0.197981
45212 0.197981
193932 0.197967
1035 0.197938
1107140 0.197909
11325 0.197895
71336 0.197880
8696 0.197866
1119708 0.197736
1152421 0.197721
1153280 0.197721
1154459 0.197721
1117089 0.197707
683355 0.197577
1127913 0.197562
96845 0.197534
259702 0.197519
573978 0.197519
513189 0.197505
307015 0.197476
608326 0.197476
74821 0.197476
28359 0.197433
1136446 0.197404
27249 0.197404
134060 0.197404
20833 0.197332
95594 0.197303
145384 0.197303
1136447 0.197289
1117476 0.197131
593105 0.197131
156794 0.197131
24530 0.197131
340078 0.197102
1117501 0.197088
1136449 0.197002
1130539 0.196959
509379 0.196944
144212 0.196901
8821 0.196858
1132815 0.196844
240791 0.196801
144701 0.196801
22229 0.196801
503871 0.196715
218666 0.196615
12946 0.196573
66986 0.196501
158172 0.196430
47682 0.196416
214472 0.196373
1105148 0.196359
13208 0.196344
358884 0.196316
114189 0.196188
1117786 0.196017
34315 0.196003
37541 0.195904
1155073 0.195890
137380 0.195890
46547 0.195890
91853 0.195791
1153736 0.195691
30934 0.195691
27246 0.195649
1129621 0.195635
636511 0.195621
568857 0.195607
1108389 0.195451
35905 0.195353
45052 0.195353
133563 0.195324
1152244 0.195324
118079 0.195310
249421 0.195282
36145 0.195282
1111240 0.195184
1125092 0.195099
684372 0.195015
1118848 0.195001
350319 0.195001
18833 0.195001
6775 0.194987
594387 0.194973
1116397 0.194945
1132731 0.194945
1116569 0.194874
5869 0.194832
1120858 0.194818
1110520 0.194790
160705 0.194790
5462 0.194776
1129111 0.194762
13136 0.194748
67292 0.194748
94953 0.194748
1104007 0.194748
1105530 0.194734
1114118 0.194734
1122460 0.194734
58552 0.194734
42207 0.194720
1132443 0.194720
13972 0.194636
359067 0.194594
6334 0.194580
1111788 0.194454
6311 0.194454
1154276 0.194426
415693 0.194385
154982 0.194343
1115456 0.194329
975567 0.194329
289945 0.194217
16470 0.194036
568045 0.194022
1125393 0.193967
139738 0.193967
1131639 0.193925
175256 0.193828
102938 0.193717
143676 0.193717
1120643 0.193703
69284 0.193689
35778 0.193689
39124 0.193661
1131734 0.193634
6238 0.193592
1125469 0.193482
1105231 0.193440
1129798 0.193412
71904 0.193412
194609 0.193288
1131360 0.193247
66990 0.193150
308003 0.193123
429805 0.192985
217139 0.192985
949217 0.192916
370366 0.192793
56115 0.192765
3084 0.192614
1106849 0.192614
1112426 0.192587
131117 0.192573
1122574 0.192559
29708 0.192559
400473 0.192559
239829 0.192505
131315 0.192477
6539 0.192423
521252 0.192368
1123093 0.192286
1114239 0.192245
1112911 0.192149
1152944 0.192136
1105810 0.192122
18811 0.192095
208345 0.191945
120817 0.191904
38205 0.191891
887 0.191863
198653 0.191809
575077 0.191795
1152358 0.191768
446271 0.191741
202520 0.191741
70441 0.191727
578780 0.191646
1152308 0.191632
593813 0.191619
70970 0.191592
1129367 0.191565
1128985 0.191551
576691 0.191551
1128198 0.191524
10186 0.191510
1125492 0.191510
579008 0.191497
1107215 0.191456
643734 0.191443
285687 0.191443
711527 0.191416
1107418 0.191321
5062 0.191307
69397 0.191307
1153577 0.191294
1118347 0.191294
1129629 0.191294
144330 0.191240
110163 0.191226
1104787 0.191199
3085 0.191172
30973 0.191132
566664 0.191051
1154068 0.191051
1102873 0.191024
54550 0.190957
10430 0.190930
1153853 0.190916
1120713 0.190916
566653 0.190916
936 0.190835
1128974 0.190822
248425 0.190808
66563 0.190808
348437 0.190808
259772 0.190768
47570 0.190768
1108597 0.190768
1116839 0.190768
1119180 0.190768
112813 0.190768
1130653 0.190768
1130657 0.190768
1138091 0.190768
1153877 0.190768
1153879 0.190768
1153889 0.190768
566488 0.190768
1114336 0.190755
1153160 0.190674
486840 0.190661
1152959 0.190661
1130637 0.190620
49895 0.190620
9708 0.190620
131317 0.190580
20857 0.190513
46887 0.190500
18815 0.190392
1106298 0.190352
1152663 0.190352
118558 0.190272
23545 0.190259
8224 0.190219
1133196 0.190192
69296 0.190138
1113831 0.190098
1125953 0.190072
11337 0.190072
206371 0.190058
59715 0.189992
358866 0.189978
262178 0.189978
1121659 0.189952
1121057 0.189858
1128227 0.189818
37884 0.189699
323128 0.189646
39199 0.189393
143476 0.189393
17488 0.189354
128383 0.189301
5194 0.189301
133566 0.189287
85449 0.189287
642827 0.189208
1153003 0.189182
523394 0.188878
189571 0.188865
112099 0.188786
3192 0.188773
1102761 0.188760
158098 0.188760
154134 0.188720
238401 0.188641
1128542 0.188628
1129572 0.188628
3191 0.188589
189572 0.188483
1132887 0.188470
308920 0.188326
503893 0.188234
13269 0.188195
51879 0.188182
1110531 0.188156
12347 0.188143
1135589 0.188117
1131165 0.188091
1130678 0.187986
1135115 0.187921
1109439 0.187908
140569 0.187856
1135082 0.187777
37879 0.187738
714975 0.187712
2663 0.187621
54844 0.187621
310653 0.187608
78511 0.187439
1129778 0.187413
33904 0.187336
627024 0.187310
735303 0.187284
1111899 0.187284
976284 0.187284
75983 0.187284
49811 0.187180
1108551 0.187141
643597 0.187103
646837 0.187077
81722 0.187077
54131 0.186999
289779 0.186986
289781 0.186986
289780 0.186960
335042 0.186960
801170 0.186948
86359 0.186948
1128453 0.186935
44368 0.186935
33907 0.186896
1114331 0.186870
141347 0.186857
18770 0.186857
137873 0.186806
1136814 0.186741
593091 0.186741
38000 0.186741
265203 0.186651
593240 0.186651
1154176 0.186625
66556 0.186625
40131 0.186625
594047 0.186612
575331 0.186600
287787 0.186587
590022 0.186587
60682 0.186574
27510 0.186561
66805 0.186561
116552 0.186548
28851 0.186548
1688 0.186522
503883 0.186522
54129 0.186522
215912 0.186522
594543 0.186510
41714 0.186497
1103985 0.186484
1129018 0.186484
1133338 0.186484
1153065 0.186484
427606 0.186484
576725 0.186484
694759 0.186484
787016 0.186484
103482 0.186471
103515 0.186471
1128204 0.186471
259701 0.186471
1153169 0.186471
640617 0.186458
1130856 0.186445
573964 0.186445
634902 0.186445
634904 0.186445
634938 0.186445
97645 0.186445
1128314 0.186433
1130847 0.186433
8865 0.186433
141342 0.186420
231249 0.186420
576795 0.186420
634975 0.186420
85352 0.186420
1127430 0.186407
1129027 0.186407
1131116 0.186407
561238 0.186407
574462 0.186407
219446 0.186407
335733 0.186394
118436 0.186381
1128945 0.186368
1137466 0.186368
1152508 0.186368
148170 0.186368
15670 0.186368
178727 0.186368
46079 0.186368
574009 0.186368
574264 0.186368
577227 0.186368
592973 0.186368
1119505 0.186356
1131752 0.186356
594900 0.186356
1131557 0.186330
22563 0.186227
41666 0.186227
116021 0.186227
1110579 0.186227
1111978 0.186189
1139928 0.186176
270456 0.186163
1108656 0.186138
593201 0.186138
7296 0.186138
253762 0.186138
1108169 0.186125
1129610 0.186099
129287 0.186061
45603 0.186048
48764 0.186048
1125402 0.186023
1125944 0.186023
606479 0.185959
576362 0.185959
48768 0.185946
141596 0.185933
178209 0.185908
646900 0.185857
101143 0.185831
328370 0.185831
1131374 0.185805
1154076 0.185793
28336 0.185767
399370 0.185754
60169 0.185729
273949 0.185716
1112665 0.185678
578646 0.185653
1115291 0.185602
255233 0.185602
243483 0.185589
33303 0.185551
54132 0.185525
1132505 0.185500
1116410 0.185474
8581 0.185462
237489 0.185411
1133004 0.185411
360028 0.185335
1133047 0.185322
509233 0.185322
35852 0.185170
211875 0.185119
68115 0.185094
134219 0.185069
7032 0.185018
6910 0.184968
1817 0.184955
1109542 0.184955
595157 0.184917
300806 0.184917
124296 0.184904
34708 0.184904
1118302 0.184892
263486 0.184892
578309 0.184879
91038 0.184854
44514 0.184829
696346 0.184816
696345 0.184803
751408 0.184803
1132486 0.184803
578337 0.184803
1130808 0.184791
1132948 0.184791
230884 0.184791
2658 0.184791
20920 0.184791
205192 0.184778
62333 0.184766
1128151 0.184753
32276 0.184728
578347 0.184665
646913 0.184652
1121739 0.184640
654339 0.184640
17363 0.184640
1131741 0.184627
226698 0.184627
99023 0.184564
762980 0.184564
63812 0.184539
1131607 0.184489
671269 0.184489
643695 0.184489
50381 0.184476
395540 0.184463
1115375 0.184451
22431 0.184451
1130676 0.184438
578306 0.184413
628751 0.184338
63477 0.184325
1135108 0.184313
928873 0.184313
1107062 0.184300
1116336 0.184250
124734 0.184125
175548 0.184112
249858 0.184087
108962 0.184087
217115 0.183987
248823 0.183987
578645 0.183962
578649 0.183962
1110515 0.183949
22883 0.183924
1128319 0.183912
4274 0.183912
990075 0.183887
1136393 0.183812
37998 0.183812
733167 0.183775
1105574 0.183438
582139 0.183414
32260 0.183414
1115790 0.183389
1152896 0.183302
649730 0.183277
649739 0.183277
1113035 0.183227
87482 0.183215
34266 0.183178
43639 0.183153
630817 0.183153
1122704 0.183141
1106103 0.183141
1106771 0.183116
1116974 0.183116
1118120 0.183017
1152179 0.183017
199571 0.183004
1116181 0.182881
34257 0.182881
368605 0.182868
987188 0.182782
16471 0.182782
41216 0.182782
1115959 0.182770
13656 0.182733
1107558 0.182733
119686 0.182720
294239 0.182720
578898 0.182585
1153899 0.182511
108963 0.182486
29723 0.182462
12165 0.182277
545647 0.182167
582511 0.182167
103543 0.182044
34961 0.182008
577331 0.181922
567018 0.181788
1127812 0.181763
1133417 0.181739
1153287 0.181727
7430 0.181727
1127657 0.181702
365294 0.181666
683404 0.181666
1112026 0.181653
259126 0.181568
170798 0.181532
1113926 0.181507
182093 0.181398
77438 0.181252
650834 0.181143
120013 0.180973
182094 0.180961
1128997 0.180901
9716 0.180877
12198 0.180865
1118286 0.180828
1110256 0.180780
1140548 0.180696
45533 0.180599
6925 0.180587
191222 0.180491
1124844 0.180443
1119742 0.180334
1126011 0.180334
189721 0.180334
20179 0.180059
1118209 0.180047
1116835 0.179987
430329 0.179963
51831 0.179963
48066 0.179951
582349 0.179915
216878 0.179843
334153 0.179831
675756 0.179688
50838 0.179616
17811 0.179378
83461 0.179331
1128977 0.179141
22874 0.178987
689152 0.178940
101811 0.178904
218682 0.178892
22869 0.178833
101662 0.178774
1153064 0.178774
239810 0.178751
1108175 0.178668
1133390 0.178656
1119178 0.178656
446610 0.178574
94639 0.178491
18785 0.178433
110162 0.178280
1116530 0.178127
84020 0.178069
14062 0.178057
1131611 0.178034
189574 0.177963
20178 0.177823
110041 0.177706
592993 0.177601
5069 0.177578
5064 0.177566
39474 0.177508
189623 0.177450
1120252 0.177438
1125597 0.177438
756061 0.177427
8079 0.177415
647413 0.177403
643199 0.177403
1131198 0.177380
481073 0.177322
459214 0.177252
119956 0.177229
1131549 0.177044
1115677 0.176951
66596 0.176928
1123530 0.176893
22241 0.176870
459216 0.176870
1136342 0.176870
1103383 0.176859
1128369 0.176859
595193 0.176859
1107010 0.176755
28026 0.176709
385067 0.176663
47683 0.176582
75693 0.176547
75694 0.176547
13205 0.176547
260979 0.176260
174425 0.175951
1131266 0.175722
18313 0.175642
219239 0.175563
193918 0.175517
593921 0.175426
684531 0.175426
1959 0.175403
1113551 0.175290
1118083 0.175278
248395 0.175199
119712 0.175199
245288 0.175199
1113828 0.175188
1126050 0.175165
1114442 0.175018
1130934 0.174882
1133028 0.174882
61073 0.174871
390693 0.174544
108983 0.174431
1919 0.174431
102939 0.174409
519318 0.174353
10793 0.174240
1123991 0.174240
1130356 0.174240
1112075 0.174196
61312 0.174173
1152490 0.174151
1153861 0.174151
31927 0.174106
1107171 0.174061
593329 0.174061
1154520 0.174050
126128 0.174050
563613 0.174050
307656 0.173826
1114992 0.173771
95188 0.173760
64271 0.173670
120039 0.173548
593210 0.173492
593942 0.173448
6818 0.173426
1128291 0.173426
6346 0.173426
1106401 0.173370
141324 0.173337
593859 0.173337
87363 0.173259
19045 0.173237
58436 0.173193
1128943 0.173181
1128978 0.173181
117316 0.173082
61069 0.173060
116553 0.173049
55801 0.173004
114308 0.172993
35490 0.172993
64519 0.172949
1109873 0.172949
608191 0.172949
94641 0.172905
608190 0.172872
66564 0.172861
593544 0.172817
202522 0.172795
221302 0.172750
601462 0.172695
578650 0.172673
137790 0.172673
593068 0.172651
207395 0.172640
1095507 0.172640
10174 0.172607
136766 0.172585
643735 0.172530
136768 0.172508
643777 0.172508
15889 0.172464
1153897 0.172387
3095 0.172376
5600 0.172289
38845 0.172256
3828 0.172168
129558 0.172135
136767 0.172113
1121398 0.172015
1127863 0.171906
1153106 0.171786
97377 0.171666
178718 0.171612
133615 0.171535
62389 0.171535
1153866 0.171525
55403 0.171525
1128531 0.171514
248431 0.171438
911198 0.171329
1131359 0.171297
714748 0.171264
431206 0.171242
220420 0.171199
521855 0.171134
15987 0.171113
1134348 0.171069
310742 0.170994
523574 0.170950
1154232 0.170896
1152714 0.170843
133567 0.170821
1127530 0.170810
270600 0.170670
162664 0.170552
561364 0.170530
5086 0.170509
129896 0.170498
423463 0.170487
105865 0.170466
1106789 0.170380
531348 0.170177
531351 0.170177
134199 0.170155
1110546 0.170102
246618 0.170070
1114664 0.169963
1117618 0.169931
278394 0.169846
15076 0.169803
734406 0.169665
6786 0.169612
733576 0.169569
1119671 0.169420
1104946 0.169420
9586 0.169410
1129994 0.169399
1129518 0.169378
575402 0.169357
278403 0.169187
735311 0.169135
230879 0.169135
646836 0.169061
628764 0.169050
211432 0.168945
1134022 0.168924
1128982 0.168913
459213 0.168913
168332 0.168892
1133469 0.168871
950986 0.168797
1153784 0.168787
91852 0.168766
578669 0.168734
1136791 0.168713
82666 0.168692
593248 0.168681
1128425 0.168660
117315 0.168650
17477 0.168650
40 0.168587
62329 0.168587
27514 0.168576
152483 0.168566
1128990 0.168566
1694 0.168534
509315 0.168534
82090 0.168534
44455 0.168524
593022 0.168524
785678 0.168451
579108 0.168451
22566 0.168440
10435 0.168440
577086 0.168440
1103394 0.168430
263069 0.168430
94229 0.168419
1128201 0.168409
118424 0.168398
118435 0.168398
12558 0.168388
1152569 0.168388
375605 0.168388
286513 0.168377
63915 0.168367
62634 0.168367
815096 0.168356
22564 0.168346
3220 0.168335
36140 0.168304
95198 0.168283
943087 0.168273
203646 0.168252
135798 0.168231
116545 0.168189
907845 0.168137
1113742 0.168032
596075 0.167959
647315 0.167918
60159 0.167886
24043 0.167876
38829 0.167866
687401 0.167866
236759 0.167834
696342 0.167824
1140230 0.167814
99030 0.167814
1022969 0.167793
1120059 0.167751
33301 0.167730
75695 0.167720
1153900 0.167699
219976 0.167668
753070 0.167564
447224 0.167481
41732 0.167440
1123689 0.167440
52847 0.167409
1114512 0.167326
263482 0.167295
37888 0.167264
1123188 0.167243
263553 0.167243
662416 0.167243
106590 0.167243
169279 0.167233
1117219 0.167223
578365 0.167223
1133010 0.167202
1154103 0.167192
1132083 0.167181
1107095 0.167161
253971 0.167161
1135899 0.167150
18812 0.167150
151430 0.167130
636500 0.167119
282700 0.167109
174418 0.167099
84695 0.167078
73327 0.167006
1152150 0.166985
1122304 0.166965
1105360 0.166924
25805 0.166687
111866 0.166605
64319 0.166574
467383 0.166564
177998 0.166492
68224 0.166462
5454 0.166451
1130680 0.166074
126927 0.166074
28267 0.165911
1122642 0.165789
34263 0.165779
99025 0.165769
90655 0.165758
325314 0.165758
469504 0.165697
192870 0.165525
118873 0.165525
1111186 0.165515
1114398 0.165515
80656 0.165475
1107567 0.165252
1112099 0.165232
12238 0.165192
594511 0.165172
126926 0.164890
158812 0.164599
656231 0.164439
250566 0.164419
27203 0.164320
57948 0.164310
12158 0.164051
95225 0.164051
12199 0.163981
650814 0.163971
1131550 0.163961
1126350 0.163951
28674 0.163872
1114526 0.163842
57922 0.163842
1118658 0.163832
57932 0.163684
191216 0.163575
1104495 0.163555
164 0.163516
127940 0.163141
954315 0.163062
216877 0.163033
25794 0.162856
1107136 0.162690
6935 0.162514
1153728 0.161950
851968 0.161844
337766 0.161786
98693 0.161612
97390 0.161602
310530 0.161429
177115 0.161208
1121176 0.161179
1129106 0.161179
272345 0.161169
1136110 0.161083
22386 0.161054
650807 0.160786
362926 0.160643
459206 0.160586
593104 0.160045
583318 0.159809
157761 0.159733
38839 0.159686
12247 0.159649
3097 0.159460
82664 0.159413
93318 0.159217
262108 0.159095
262121 0.159095
6939 0.158955
117328 0.158917
1125906 0.158517
1129015 0.158101
139547 0.158018
270085 0.157935
1106236 0.157861
1153896 0.157815
594011 0.157815
593209 0.157760
503877 0.157686
593328 0.157650
592996 0.157594
87417 0.157576
63835 0.157567
1131565 0.157539
1152564 0.157512
37483 0.157439
1104031 0.157402
163235 0.157384
1113852 0.157174
1129368 0.157174
1129369 0.157174
74749 0.157164
77826 0.157164
2354 0.157164
128203 0.157155
175909 0.157101
15892 0.156964
1118388 0.156928
1110024 0.156909
1951 0.156909
74975 0.156891
1117833 0.156818
941 0.156800
164885 0.156537
39130 0.156510
440815 0.156465
73162 0.156447
3240 0.156411
653441 0.156402
714289 0.156230
519353 0.156194
1107325 0.156185
189655 0.156122
51049 0.156068
626999 0.156023
662572 0.155933
1154229 0.155852
189566 0.155852
148399 0.155673
1114838 0.155441
3187 0.155360
109323 0.155343
1105698 0.155343
354004 0.155343
137849 0.155334
1120650 0.154898
25702 0.154801
33818 0.154580
1120138 0.154571
753047 0.154571
1133428 0.154227
696343 0.154219
1119471 0.154061
36620 0.154008
195792 0.153947
1128946 0.153859
346243 0.153842
251756 0.153824
227178 0.153789
1109017 0.153746
593155 0.153746
41417 0.153711
1130634 0.153702
66809 0.153693
102061 0.153693
46500 0.153624
1111733 0.153606
148341 0.153606
753264 0.153597
767763 0.153589
177993 0.153563
205196 0.153554
40922 0.153536
8832 0.153536
350373 0.153510
1111265 0.153172
645897 0.152851
1115670 0.152731
1153166 0.152714
1153724 0.152714
1949 0.152696
198866 0.152636
688849 0.152593
510715 0.152567
169280 0.152550
646286 0.152224
166989 0.152181
1110028 0.152173
1121063 0.152173
644093 0.152138
126920 0.151670
330208 0.151373
213246 0.151322
1109566 0.151212
13654 0.151178
13652 0.151170
42221 0.151001
101263 0.150951
126909 0.150682
103531 0.150280
1106418 0.150255
416964 0.149204
1114364 0.149187
243274 0.149187
101660 0.148679
1953 0.148410
3101 0.148337
1140231 0.148118
100935 0.148029
1112929 0.147794
1128407 0.147528
38846 0.147520
3932 0.147520
129045 0.146316
1952 0.146166
1116922 0.145679
1115166 0.145679
753265 0.145303
12169 0.145077
594039 0.144992
63931 0.144597
2440 0.144504
5959 0.144504
58453 0.144497
40151 0.144266
112787 0.144258
3112 0.144219
470511 0.144212
128202 0.144181
39131 0.144166
1116146 0.144012
1107041 0.143989
166825 0.143989
20180 0.143905
28265 0.143905
940 0.143898
559804 0.143806
989397 0.143791
189774 0.143745
645571 0.143707
1110000 0.143684
1134320 0.143684
714260 0.143638
714879 0.143638
1134346 0.143577
714208 0.143440
1125909 0.143432
1154230 0.143402
242663 0.143311
51045 0.143303
39890 0.143281
1153014 0.143114
189856 0.143106
36802 0.143099
90470 0.143099
1118546 0.142646
17242 0.142631
280876 0.142624
147870 0.142234
78557 0.142077
33823 0.142070
78555 0.142062
78549 0.142055
78552 0.142048
78508 0.142018
1136634 0.142003
1136631 0.141995
189620 0.141639
377303 0.141587
1109208 0.141166
815073 0.141129
1130568 0.141115
1130586 0.141115
628766 0.141115
129042 0.140419
6913 0.140165
1131236 0.140136
83746 0.139185
101261 0.138956
248119 0.138906
27199 0.138899
42209 0.138877
656048 0.138359
86258 0.138211
1134865 0.136759
1108363 0.136655
1121313 0.136655
5075 0.136126
318187 0.134456
152226 0.134116
4637 0.133851
1127619 0.133719
72908 0.133560
1061127 0.133462
1153254 0.133462
23546 0.133462
288 0.133330
1104261 0.133258
77829 0.133232
103529 0.133179
100701 0.133035
943 0.132989
1152436 0.132950
93273 0.132781
51052 0.132462
714256 0.132443
1154233 0.132436
318071 0.132288
1109185 0.131523
1119004 0.131395
4330 0.130063
1152917 0.130032
646289 0.129764
1105011 0.129751
1131230 0.129751
703953 0.129751
12194 0.128574
1131828 0.128184
562940 0.124231
395553 0.121614
684986 0.121135
11093 0.121124
32688 0.121113
69418 0.121108
4329 0.121102
151708 0.121048
61417 0.115991
395547 0.113797
2702 0.113749
684972 0.113701
1110768 0.113249
1120786 0.113197
94416 0.108767
1106764 0.108763
1120777 0.106823
12330 0.106802
72056 0.106802
1135122 0.100861
213279 0.100711
156977 0.100703
107569 0.100662
400356 0.100662
733534 0.095391
1107385 0.095176
948147 0.090478
