35 0.023592
210871 0.013118
15429 0.012931
10177 0.012380
210872 0.011229
82920 0.010113
1365 0.009776
4584 0.008386
6213 0.006458
887 0.005887
3229 0.005396
10798 0.005115
24966 0.004969
1272 0.004883
22563 0.004464
44514 0.004441
643221 0.004336
273152 0.004022
853115 0.004004
8224 0.004001
85688 0.003890
19621 0.003665
29492 0.003462
2696 0.003453
35061 0.003336
6898 0.003301
5348 0.003267
910 0.003122
31353 0.003108
114 0.003071
606479 0.003070
10531 0.002904
12631 0.002826
6151 0.002754
51049 0.002671
853114 0.002669
23738 0.002482
16819 0.002465
39890 0.002428
4330 0.002372
6214 0.002369
13686 0.002356
12350 0.002304
6184 0.002261
20193 0.002253
267824 0.002200
32083 0.002189
10169 0.002188
69198 0.002181
6913 0.002142
853116 0.002107
36140 0.002091
12638 0.002090
8594 0.002029
643239 0.002017
642894 0.001888
58758 0.001881
38537 0.001851
2665 0.001850
198653 0.001825
37483 0.001822
15076 0.001809
144408 0.001808
123556 0.001807
8703 0.001739
2440 0.001719
50354 0.001696
117 0.001680
504 0.001636
137790 0.001625
64519 0.001618
576973 0.001608
32276 0.001586
30817 0.001581
593260 0.001571
1129610 0.001571
3191 0.001569
14062 0.001559
27895 0.001558
2354 0.001541
153063 0.001532
77758 0.001523
141342 0.001509
89416 0.001499
941 0.001485
633081 0.001477
2702 0.001472
39127 0.001470
3231 0.001466
5086 0.001461
4335 0.001455
10183 0.001426
16008 0.001422
25702 0.001422
189566 0.001372
41714 0.001371
7532 0.001361
1959 0.001353
46491 0.001319
3218 0.001317
230879 0.001308
253971 0.001301
51180 0.001276
24043 0.001266
18777 0.001243
4649 0.001241
643485 0.001230
6741 0.001218
3192 0.001217
135464 0.001202
506 0.001202
31489 0.001195
4804 0.001183
12182 0.001178
52515 0.001158
11339 0.001149
12576 0.001145
2653 0.001137
202639 0.001133
642621 0.001132
12330 0.001122
74749 0.001122
162080 0.001096
42156 0.001095
67415 0.001077
12210 0.001063
85352 0.001055
16437 0.001049
193352 0.001049
8581 0.001033
124224 0.001007
10796 0.001000
80656 0.000998
906 0.000994
11326 0.000993
340299 0.000983
25772 0.000983
73146 0.000976
231198 0.000967
853155 0.000957
1153195 0.000954
205196 0.000953
7537 0.000948
38205 0.000945
646286 0.000931
646289 0.000931
1481 0.000926
58454 0.000919
348305 0.000913
575077 0.000897
44455 0.000892
6784 0.000889
22386 0.000888
79809 0.000883
23069 0.000873
936 0.000869
940 0.000869
28957 0.000867
84021 0.000867
3085 0.000866
1997 0.000864
160732 0.000863
15987 0.000858
35922 0.000846
645016 0.000846
27627 0.000845
513189 0.000841
738941 0.000840
6209 0.000837
80491 0.000833
2654 0.000826
12195 0.000823
7867 0.000812
561789 0.000811
463 0.000809
194609 0.000807
51045 0.000804
3233 0.000799
10435 0.000799
434 0.000790
73712 0.000790
73162 0.000784
75318 0.000784
35778 0.000783
83725 0.000781
237489 0.000779
89547 0.000777
601462 0.000776
132806 0.000772
235683 0.000768
48781 0.000765
3112 0.000762
578845 0.000760
103430 0.000760
2658 0.000757
33818 0.000755
28350 0.000755
13212 0.000752
74975 0.000751
1956 0.000751
11335 0.000743
3220 0.000742
18536 0.000742
33823 0.000739
3828 0.000737
45605 0.000734
27535 0.000734
74427 0.000731
13652 0.000730
1152358 0.000730
14545 0.000728
36802 0.000727
4983 0.000724
3243 0.000722
3097 0.000722
22229 0.000717
287787 0.000717
7047 0.000716
120084 0.000714
1688 0.000704
423816 0.000701
52003 0.000700
626530 0.000700
89308 0.000700
54129 0.000699
714289 0.000687
17798 0.000685
6334 0.000684
648112 0.000684
124952 0.000684
40135 0.000684
642847 0.000683
35797 0.000682
292277 0.000682
35335 0.000680
16474 0.000679
400473 0.000677
155158 0.000676
19231 0.000676
561613 0.000675
237521 0.000673
242663 0.000670
28287 0.000670
235679 0.000668
562940 0.000668
644577 0.000667
18619 0.000667
62676 0.000666
430711 0.000665
154023 0.000665
154047 0.000665
5462 0.000659
158614 0.000657
51934 0.000656
124064 0.000656
6767 0.000655
97390 0.000655
233106 0.000651
648106 0.000651
66751 0.000651
97377 0.000650
23507 0.000644
51866 0.000643
131117 0.000643
28649 0.000640
23116 0.000639
6238 0.000638
111676 0.000634
20601 0.000633
1129367 0.000633
77438 0.000631
20584 0.000629
174418 0.000628
74937 0.000626
6196 0.000619
8617 0.000619
59772 0.000618
12337 0.000618
67633 0.000613
78557 0.000610
70970 0.000604
427606 0.000604
5869 0.000603
14430 0.000602
162075 0.000601
40151 0.000601
137868 0.000600
20602 0.000600
16485 0.000599
73327 0.000599
51879 0.000599
300806 0.000598
576691 0.000596
116528 0.000594
34257 0.000591
8591 0.000590
14429 0.000589
252715 0.000589
28447 0.000587
375825 0.000586
27530 0.000585
13885 0.000584
24974 0.000583
522338 0.000579
31479 0.000578
65074 0.000578
86923 0.000573
307015 0.000573
61417 0.000572
62329 0.000572
42221 0.000571
13654 0.000570
75969 0.000568
628500 0.000568
7297 0.000567
128 0.000566
573553 0.000566
3236 0.000565
379288 0.000565
14428 0.000564
98698 0.000564
1134320 0.000564
66794 0.000564
3187 0.000562
81714 0.000562
152219 0.000560
20534 0.000556
34979 0.000555
38722 0.000555
424540 0.000554
264556 0.000551
753047 0.000550
15889 0.000550
235678 0.000548
562067 0.000548
36145 0.000546
6163 0.000544
179702 0.000543
78552 0.000543
421481 0.000543
6818 0.000542
1119708 0.000539
1152421 0.000539
1153280 0.000539
1154459 0.000539
91038 0.000537
601561 0.000536
17201 0.000536
134219 0.000534
1123215 0.000533
1112071 0.000533
9559 0.000533
1106630 0.000528
19697 0.000528
46887 0.000527
608326 0.000527
33231 0.000524
1026 0.000522
928873 0.000522
54131 0.000521
31769 0.000519
20180 0.000519
175291 0.000519
1153014 0.000518
13982 0.000518
87417 0.000518
29723 0.000517
10186 0.000516
56167 0.000515
3240 0.000514
270456 0.000513
1116347 0.000513
126927 0.000512
641976 0.000510
28504 0.000509
1129683 0.000508
28265 0.000505
36162 0.000505
188471 0.000503
1154232 0.000501
61069 0.000500
6639 0.000499
17208 0.000499
8865 0.000498
367312 0.000496
1120211 0.000496
259702 0.000496
561674 0.000494
232606 0.000494
39131 0.000494
144701 0.000494
56112 0.000490
14531 0.000487
27623 0.000487
90888 0.000487
20923 0.000487
214472 0.000485
782486 0.000482
561568 0.000482
63549 0.000481
17476 0.000481
13658 0.000480
65212 0.000479
49482 0.000479
110041 0.000477
57119 0.000477
1140543 0.000477
232605 0.000475
683294 0.000475
642920 0.000475
126868 0.000475
145315 0.000475
395725 0.000474
3095 0.000472
20178 0.000471
103515 0.000470
29708 0.000469
6318 0.000467
573964 0.000467
28491 0.000466
593942 0.000466
36131 0.000465
1213 0.000463
3932 0.000459
631052 0.000458
240321 0.000457
28487 0.000456
159084 0.000456
6814 0.000456
815096 0.000455
815073 0.000455
746058 0.000454
739280 0.000454
145134 0.000453
642681 0.000453
6216 0.000452
636511 0.000451
38845 0.000451
5194 0.000451
59798 0.000450
38846 0.000449
64271 0.000448
255628 0.000447
36167 0.000446
97892 0.000446
212777 0.000446
1154500 0.000446
143323 0.000445
197452 0.000441
644427 0.000441
93555 0.000440
108047 0.000440
37888 0.000438
6385 0.000434
13208 0.000433
112378 0.000432
6925 0.000432
20924 0.000431
753070 0.000431
46547 0.000430
16476 0.000430
72056 0.000429
108974 0.000429
1131277 0.000429
73119 0.000427
566653 0.000427
239800 0.000427
1126050 0.000427
523574 0.000426
1127913 0.000426
1153943 0.000426
573978 0.000426
1125492 0.000426
1128198 0.000426
5966 0.000423
20920 0.000422
51052 0.000422
13656 0.000421
1112426 0.000420
1122574 0.000420
653441 0.000420
1114352 0.000419
523394 0.000419
626531 0.000419
1128853 0.000419
175548 0.000419
395553 0.000419
503883 0.000418
696345 0.000417
137380 0.000417
645084 0.000416
174425 0.000415
370366 0.000415
6771 0.000415
28227 0.000415
5600 0.000414
27249 0.000414
101263 0.000414
131318 0.000414
159085 0.000413
241821 0.000413
6125 0.000411
1111265 0.000411
82664 0.000411
1135455 0.000410
54132 0.000409
193742 0.000409
559804 0.000409
1132809 0.000408
8872 0.000408
50336 0.000408
346292 0.000407
95642 0.000406
54550 0.000405
35852 0.000404
35490 0.000403
126793 0.000403
63812 0.000403
20179 0.000403
976334 0.000402
56709 0.000401
1102364 0.000401
1112650 0.000401
82666 0.000400
14083 0.000400
189571 0.000400
27199 0.000399
671052 0.000399
1116594 0.000399
77826 0.000398
77829 0.000398
129558 0.000398
103482 0.000398
45189 0.000398
1237 0.000397
5064 0.000396
1955 0.000396
51909 0.000395
39199 0.000394
58268 0.000394
6210 0.000394
171954 0.000393
86359 0.000393
128203 0.000393
13972 0.000393
77108 0.000393
693143 0.000392
1113739 0.000392
155736 0.000392
560936 0.000392
117328 0.000391
75691 0.000390
1112194 0.000390
6923 0.000390
1031453 0.000389
1128839 0.000389
1130600 0.000389
1786 0.000388
8687 0.000388
630890 0.000387
1112686 0.000387
219446 0.000386
263069 0.000386
1135589 0.000385
28278 0.000385
189856 0.000383
28202 0.000383
22564 0.000382
135766 0.000382
7430 0.000380
289885 0.000380
141160 0.000379
80515 0.000379
8079 0.000378
40605 0.000377
6155 0.000377
23502 0.000376
1131164 0.000376
1131258 0.000376
8619 0.000375
1107041 0.000372
3232 0.000372
95579 0.000372
35863 0.000372
1109873 0.000371
1153728 0.000371
16471 0.000371
139865 0.000370
1104647 0.000370
4553 0.000369
7041 0.000369
1102548 0.000369
1120880 0.000369
17821 0.000369
49753 0.000369
49720 0.000369
50980 0.000369
73972 0.000369
245955 0.000369
29738 0.000369
368657 0.000369
400455 0.000369
44121 0.000369
38771 0.000369
50807 0.000369
47839 0.000369
1104191 0.000369
43165 0.000369
1104435 0.000369
62607 0.000369
1124837 0.000369
1104749 0.000369
155277 0.000369
114966 0.000369
1105622 0.000369
116512 0.000369
294145 0.000369
1125258 0.000369
1131195 0.000369
1107808 0.000369
384428 0.000369
302545 0.000369
1152858 0.000369
60560 0.000369
1120019 0.000369
529165 0.000369
458439 0.000369
1123493 0.000369
1130243 0.000369
115188 0.000369
604073 0.000369
72805 0.000369
1126315 0.000369
633030 0.000369
594119 0.000369
621555 0.000369
1129494 0.000369
180301 0.000369
376704 0.000369
1129021 0.000369
648369 0.000369
430574 0.000369
709518 0.000369
642930 0.000369
121792 0.000369
126867 0.000369
1110628 0.000369
682508 0.000369
1134056 0.000369
1138619 0.000369
654519 0.000369
408885 0.000369
899085 0.000369
1130080 0.000369
1131754 0.000369
321004 0.000369
133628 0.000369
1152394 0.000369
1108570 0.000369
1131163 0.000369
814836 0.000369
752684 0.000369
1135955 0.000369
610529 0.000369
294126 0.000369
617378 0.000369
380341 0.000369
594483 0.000369
646412 0.000369
1113084 0.000369
1131414 0.000369
1107728 0.000369
1119654 0.000369
232860 0.000369
628458 0.000369
1112417 0.000369
1117049 0.000369
1154173 0.000369
219218 0.000369
653628 0.000369
187260 0.000369
1110950 0.000369
633031 0.000369
711994 0.000369
1129040 0.000369
617575 0.000369
688824 0.000369
642593 0.000369
228992 0.000369
127940 0.000369
1131330 0.000369
1137140 0.000369
228990 0.000369
628459 0.000369
1132073 0.000369
1134197 0.000369
1139009 0.000369
1153946 0.000369
1133930 0.000369
817774 0.000369
1130069 0.000369
824245 0.000369
662250 0.000369
754594 0.000369
1136040 0.000369
779960 0.000369
1133008 0.000369
820661 0.000369
155738 0.000369
1120777 0.000368
27631 0.000368
101143 0.000368
103543 0.000368
1102550 0.000367
212930 0.000367
8875 0.000367
22431 0.000367
50838 0.000366
170798 0.000366
341188 0.000366
9515 0.000365
1109581 0.000364
397590 0.000364
648121 0.000364
75121 0.000363
91853 0.000363
310530 0.000362
39130 0.000362
47682 0.000362
200630 0.000362
43186 0.000362
430329 0.000361
105856 0.000361
18812 0.000361
158098 0.000360
27531 0.000360
714256 0.000360
28385 0.000360
13917 0.000359
28964 0.000359
78555 0.000359
6910 0.000358
6935 0.000358
6220 0.000358
91852 0.000358
207395 0.000358
447224 0.000358
18811 0.000357
67584 0.000357
561809 0.000357
12359 0.000357
739816 0.000356
579008 0.000356
86840 0.000356
3223 0.000355
137130 0.000355
1113995 0.000355
94639 0.000355
3237 0.000355
286513 0.000354
63486 0.000353
1114442 0.000353
102938 0.000352
143676 0.000352
126926 0.000351
6311 0.000351
39165 0.000350
8961 0.000350
5062 0.000349
627024 0.000349
131042 0.000348
335042 0.000348
118079 0.000347
90470 0.000347
562123 0.000347
27543 0.000347
18774 0.000346
284023 0.000345
168410 0.000344
1123068 0.000344
1949 0.000344
38839 0.000343
1105672 0.000343
15984 0.000342
45533 0.000342
1127619 0.000341
312409 0.000340
167656 0.000340
1132416 0.000340
35905 0.000340
3222 0.000339
16470 0.000339
9708 0.000338
57764 0.000338
1118823 0.000338
8874 0.000337
184918 0.000337
943 0.000337
5055 0.000337
18770 0.000336
162664 0.000336
709113 0.000336
63915 0.000336
444191 0.000335
1138043 0.000335
573535 0.000335
12275 0.000334
1717 0.000334
1113852 0.000334
240791 0.000334
98693 0.000334
578337 0.000333
206259 0.000333
1108656 0.000333
141171 0.000333
148341 0.000333
294030 0.000333
14549 0.000333
4329 0.000330
28290 0.000330
632796 0.000330
632874 0.000330
179180 0.000330
231249 0.000329
628815 0.000329
672070 0.000329
1953 0.000328
989397 0.000328
12238 0.000328
137359 0.000327
108962 0.000326
683360 0.000326
7272 0.000326
101811 0.000325
66556 0.000325
167670 0.000325
33412 0.000325
6169 0.000325
644843 0.000325
1105344 0.000325
145176 0.000324
28851 0.000324
13205 0.000324
45212 0.000324
74821 0.000324
74700 0.000324
1110390 0.000323
189577 0.000323
18781 0.000323
330148 0.000322
646195 0.000321
1131270 0.000321
1104449 0.000320
38480 0.000319
152731 0.000319
1105231 0.000318
133563 0.000318
30895 0.000318
59626 0.000317
45188 0.000317
14529 0.000316
314459 0.000316
7419 0.000315
1999 0.000315
25181 0.000315
1135082 0.000315
3084 0.000314
56115 0.000314
226698 0.000312
672071 0.000312
141324 0.000312
62417 0.000312
23070 0.000311
1130780 0.000310
40886 0.000310
649731 0.000309
116084 0.000309
203646 0.000309
198866 0.000308
1106112 0.000308
94641 0.000307
37541 0.000307
851968 0.000307
205192 0.000307
1105531 0.000307
134315 0.000307
134320 0.000307
641956 0.000307
195792 0.000306
714260 0.000306
389715 0.000306
1132864 0.000305
74920 0.000305
74921 0.000305
3217 0.000305
566664 0.000305
70444 0.000305
68224 0.000304
23258 0.000304
12169 0.000304
521207 0.000303
18532 0.000303
22566 0.000302
695284 0.000301
1246 0.000301
62274 0.000300
6130 0.000300
34082 0.000300
626574 0.000299
24476 0.000299
40125 0.000299
103537 0.000299
178209 0.000299
120817 0.000299
1140040 0.000298
646900 0.000297
1131149 0.000297
154982 0.000297
28485 0.000297
5069 0.000297
85299 0.000297
1136397 0.000297
133550 0.000296
95188 0.000296
180187 0.000296
92065 0.000295
123825 0.000295
1115701 0.000295
22835 0.000294
83847 0.000294
334153 0.000294
33907 0.000294
310742 0.000293
13193 0.000293
31927 0.000293
1118120 0.000293
1152179 0.000293
411092 0.000292
134199 0.000292
10430 0.000292
7276 0.000292
40124 0.000292
47684 0.000292
56708 0.000292
118873 0.000291
574264 0.000291
147870 0.000291
48550 0.000291
25805 0.000291
22886 0.000291
1127551 0.000290
278394 0.000290
1105148 0.000289
11342 0.000289
1117184 0.000289
57773 0.000288
1116268 0.000288
445938 0.000288
58436 0.000288
1102794 0.000287
252725 0.000287
288107 0.000287
149139 0.000287
212097 0.000287
212107 0.000287
63931 0.000286
636500 0.000285
84695 0.000285
1112075 0.000284
1120020 0.000284
1130567 0.000284
293285 0.000284
1110438 0.000283
95718 0.000283
1128407 0.000283
643734 0.000282
118436 0.000282
66596 0.000282
7032 0.000282
318071 0.000281
66564 0.000281
1129368 0.000281
1129369 0.000281
133566 0.000281
25791 0.000280
17811 0.000279
1125393 0.000278
289085 0.000278
1154525 0.000277
1152896 0.000277
72908 0.000277
31083 0.000277
28412 0.000276
52784 0.000275
1121057 0.000275
95589 0.000274
1153287 0.000274
1952 0.000274
654326 0.000274
58552 0.000274
141347 0.000274
126909 0.000273
216878 0.000273
644448 0.000273
49811 0.000272
1119751 0.000272
1106854 0.000272
18815 0.000272
42209 0.000272
763010 0.000272
563613 0.000271
645088 0.000270
251756 0.000270
53942 0.000269
66594 0.000269
1135750 0.000268
28542 0.000268
593104 0.000267
6343 0.000267
446271 0.000267
8213 0.000266
1133004 0.000266
191222 0.000266
200480 0.000266
307656 0.000266
1135894 0.000265
49843 0.000265
592826 0.000265
1127558 0.000264
6917 0.000264
1108258 0.000264
1131184 0.000264
1132857 0.000264
649944 0.000264
262178 0.000263
1125092 0.000263
45052 0.000263
73323 0.000263
249421 0.000263
6775 0.000263
1951 0.000263
1120138 0.000262
1103610 0.000262
10981 0.000262
14431 0.000262
102939 0.000261
34315 0.000261
49660 0.000261
1114664 0.000261
95719 0.000261
1035 0.000260
1107367 0.000260
197054 0.000260
39403 0.000260
1129015 0.000260
300071 0.000259
57948 0.000259
6346 0.000258
1104851 0.000258
6344 0.000258
5959 0.000258
578646 0.000257
46468 0.000257
1152143 0.000256
25794 0.000255
424 0.000255
96847 0.000254
503893 0.000254
4274 0.000254
189655 0.000254
6224 0.000253
32872 0.000253
1125386 0.000253
417017 0.000252
348437 0.000252
1132706 0.000252
1103676 0.000252
105057 0.000252
1122580 0.000252
70520 0.000252
26850 0.000251
16843 0.000251
32698 0.000251
411005 0.000251
1131257 0.000250
25413 0.000250
1107010 0.000250
31483 0.000249
1120962 0.000249
1153933 0.000249
688361 0.000249
67245 0.000249
95594 0.000249
145384 0.000249
753264 0.000248
27510 0.000248
9716 0.000248
54844 0.000247
2663 0.000247
248119 0.000247
116790 0.000247
164885 0.000247
27174 0.000247
608190 0.000247
57932 0.000246
270600 0.000246
42848 0.000246
756061 0.000246
561595 0.000246
308920 0.000246
9581 0.000245
40 0.000245
116081 0.000245
1126012 0.000245
93318 0.000244
1123756 0.000244
449841 0.000243
644361 0.000243
644363 0.000243
645452 0.000243
107251 0.000243
166989 0.000243
177993 0.000243
75972 0.000243
358866 0.000242
358887 0.000242
36620 0.000242
38829 0.000241
130 0.000241
87915 0.000241
1105877 0.000241
59045 0.000240
217139 0.000240
1131360 0.000240
126920 0.000239
101261 0.000239
1127851 0.000239
75674 0.000239
20592 0.000239
66805 0.000239
12198 0.000239
157401 0.000239
1106287 0.000238
28249 0.000238
65653 0.000238
34355 0.000237
85449 0.000237
9586 0.000237
592830 0.000236
763181 0.000236
83449 0.000235
4660 0.000235
28471 0.000234
194617 0.000234
28387 0.000234
263482 0.000234
20833 0.000233
648232 0.000233
118259 0.000232
1117618 0.000232
108983 0.000232
561610 0.000232
561611 0.000232
1120169 0.000232
1152290 0.000232
189572 0.000232
20528 0.000232
77112 0.000231
28489 0.000231
124828 0.000231
12439 0.000230
27250 0.000230
39126 0.000230
656231 0.000230
66990 0.000229
12347 0.000229
33013 0.000229
116545 0.000229
100197 0.000229
1131116 0.000228
230884 0.000228
227178 0.000228
69392 0.000228
187354 0.000228
44017 0.000228
340078 0.000228
248425 0.000228
182094 0.000228
2695 0.000228
193347 0.000228
28254 0.000227
94713 0.000227
108963 0.000227
83826 0.000227
70281 0.000227
135765 0.000226
110162 0.000226
671293 0.000226
78511 0.000226
31105 0.000225
65650 0.000225
582139 0.000224
158172 0.000224
16461 0.000224
1131137 0.000224
531351 0.000223
531348 0.000223
100701 0.000223
163235 0.000222
152227 0.000222
633585 0.000222
1152714 0.000222
27243 0.000222
416964 0.000222
8821 0.000221
235776 0.000221
1111788 0.000221
34266 0.000221
11148 0.000221
753265 0.000220
1034 0.000220
1126503 0.000220
110163 0.000220
88356 0.000220
5075 0.000220
1123087 0.000220
34263 0.000220
208345 0.000219
267003 0.000219
44368 0.000219
646809 0.000219
1114777 0.000218
510715 0.000218
1103031 0.000218
1103969 0.000218
582343 0.000218
365294 0.000218
277263 0.000218
1120049 0.000218
82090 0.000217
48555 0.000217
66782 0.000217
22883 0.000217
55770 0.000216
71904 0.000216
1131557 0.000216
188318 0.000215
307336 0.000215
5454 0.000215
216877 0.000214
249858 0.000214
1130454 0.000214
1154012 0.000214
18832 0.000214
51831 0.000214
1133390 0.000214
1119295 0.000214
689152 0.000213
1106418 0.000213
654339 0.000213
248395 0.000213
189721 0.000213
40131 0.000213
16451 0.000213
288 0.000212
12960 0.000212
1105932 0.000212
58453 0.000212
1107861 0.000212
594011 0.000212
714975 0.000212
6170 0.000211
136766 0.000211
1152194 0.000211
1131267 0.000211
1106370 0.000211
1105433 0.000211
1106671 0.000211
1123576 0.000211
1154042 0.000211
1153264 0.000210
35070 0.000210
1103162 0.000210
159897 0.000210
161221 0.000209
1106492 0.000209
643069 0.000209
3101 0.000209
578309 0.000208
17363 0.000208
119686 0.000208
175909 0.000207
6378 0.000207
1119987 0.000207
686061 0.000207
135798 0.000207
675649 0.000207
107569 0.000207
273949 0.000207
1115959 0.000206
987188 0.000206
30934 0.000206
646913 0.000206
640617 0.000206
13960 0.000206
93273 0.000206
92589 0.000205
1136446 0.000205
714748 0.000204
1131274 0.000204
75693 0.000203
75694 0.000203
189774 0.000203
521183 0.000202
116553 0.000202
65057 0.000202
1103038 0.000202
253762 0.000202
2698 0.000202
1102400 0.000201
10793 0.000201
1123991 0.000201
1130356 0.000201
84459 0.000201
61312 0.000201
190706 0.000201
28026 0.000201
60170 0.000200
215912 0.000200
173863 0.000200
55968 0.000199
1121254 0.000199
1112767 0.000199
1122304 0.000199
99030 0.000199
33895 0.000198
1152633 0.000198
19045 0.000198
521251 0.000198
1154524 0.000197
235670 0.000197
134316 0.000196
1153101 0.000196
1153150 0.000196
293974 0.000196
1128437 0.000195
1135115 0.000195
1152711 0.000195
1133010 0.000195
168958 0.000195
509315 0.000195
650807 0.000195
1119623 0.000195
175576 0.000195
35854 0.000195
1116922 0.000195
1105116 0.000195
1131639 0.000195
733534 0.000195
75983 0.000195
1114118 0.000195
1128256 0.000195
1122704 0.000195
1122460 0.000195
71736 0.000195
1113926 0.000195
1119505 0.000195
103531 0.000195
608191 0.000195
124734 0.000195
486840 0.000194
644441 0.000194
1118245 0.000194
41417 0.000194
400356 0.000193
684986 0.000193
628751 0.000193
100961 0.000192
202520 0.000192
78549 0.000192
1119004 0.000192
1105574 0.000192
1128425 0.000192
1130680 0.000192
463825 0.000192
145215 0.000191
13213 0.000191
582511 0.000191
545647 0.000191
95586 0.000191
32260 0.000190
133553 0.000190
12165 0.000190
14090 0.000189
133567 0.000189
350319 0.000189
1114239 0.000189
62634 0.000189
198443 0.000189
189708 0.000188
1127530 0.000188
70442 0.000188
137849 0.000188
46501 0.000187
1103979 0.000187
787016 0.000187
646836 0.000187
293271 0.000187
358884 0.000187
643735 0.000187
362926 0.000187
466170 0.000187
399370 0.000186
129042 0.000186
593921 0.000186
45603 0.000186
48764 0.000186
1107136 0.000185
64484 0.000185
696343 0.000185
642641 0.000185
48066 0.000184
50337 0.000184
1105887 0.000184
114189 0.000184
612306 0.000184
118260 0.000184
321861 0.000183
1108329 0.000183
1114222 0.000183
1114864 0.000183
1119742 0.000183
1126011 0.000183
230300 0.000183
1125469 0.000183
1121569 0.000183
1152859 0.000183
990075 0.000182
22241 0.000182
1130637 0.000182
1153160 0.000182
49895 0.000182
131315 0.000182
254923 0.000182
33325 0.000182
1105360 0.000181
136665 0.000181
14807 0.000181
521855 0.000181
1108267 0.000181
1106236 0.000181
12194 0.000180
708945 0.000180
191216 0.000180
270085 0.000180
1128943 0.000180
1128978 0.000180
286500 0.000180
79817 0.000180
27606 0.000180
23774 0.000180
592993 0.000180
1135137 0.000180
340075 0.000180
436796 0.000180
1102407 0.000180
1105062 0.000180
1108050 0.000180
1110494 0.000180
1110998 0.000180
1114153 0.000180
1114388 0.000180
1114605 0.000180
1117653 0.000180
1119140 0.000180
1120866 0.000180
1129443 0.000180
1131647 0.000180
1131745 0.000180
1131748 0.000180
1132922 0.000180
1132968 0.000180
1135368 0.000180
1136422 0.000180
1136442 0.000180
1152821 0.000180
1154169 0.000180
171225 0.000180
23448 0.000180
39904 0.000180
853150 0.000180
948299 0.000180
948846 0.000180
949318 0.000180
949511 0.000180
950052 0.000180
950305 0.000180
521269 0.000179
1131266 0.000179
1105810 0.000179
153598 0.000179
11093 0.000179
107177 0.000179
265203 0.000179
168332 0.000179
126912 0.000179
263553 0.000178
149669 0.000178
67246 0.000178
593859 0.000177
642827 0.000177
1131165 0.000177
1106103 0.000177
143476 0.000177
1112665 0.000177
52835 0.000177
180373 0.000177
561581 0.000177
755082 0.000176
594387 0.000176
1132157 0.000176
683355 0.000176
1126029 0.000176
18615 0.000175
1116842 0.000175
1152075 0.000175
197783 0.000175
102406 0.000175
136767 0.000175
568857 0.000174
66563 0.000174
141868 0.000174
85324 0.000174
576362 0.000174
576257 0.000174
6786 0.000174
523010 0.000173
28359 0.000173
75695 0.000173
1104055 0.000173
350362 0.000173
263486 0.000172
27203 0.000172
1104379 0.000172
1116835 0.000172
1153003 0.000172
1114838 0.000172
13717 0.000172
18773 0.000172
78994 0.000171
575292 0.000171
184157 0.000171
358894 0.000171
1125992 0.000171
15892 0.000171
47683 0.000170
32688 0.000170
13269 0.000170
755217 0.000170
6941 0.000170
631015 0.000170
1125895 0.000170
118558 0.000170
18834 0.000170
1121867 0.000170
27612 0.000169
6539 0.000169
39210 0.000169
1106401 0.000169
593105 0.000169
684372 0.000169
1105718 0.000169
1113831 0.000169
1128314 0.000169
353541 0.000169
975567 0.000169
689439 0.000169
1121537 0.000169
285675 0.000169
1127566 0.000169
1131300 0.000169
31932 0.000169
1140548 0.000169
52000 0.000168
58540 0.000168
4878 0.000168
94229 0.000168
1132731 0.000168
594511 0.000168
643695 0.000168
166825 0.000168
1128542 0.000167
6215 0.000167
6782 0.000167
1152910 0.000167
96335 0.000167
278403 0.000167
315266 0.000167
4637 0.000167
85452 0.000167
66986 0.000167
81350 0.000167
1135125 0.000166
246618 0.000166
1129572 0.000166
1154520 0.000166
126128 0.000166
1128868 0.000166
519353 0.000166
8699 0.000165
175256 0.000165
46452 0.000165
111866 0.000164
1129608 0.000164
820662 0.000164
1138970 0.000164
1125467 0.000164
99023 0.000164
763009 0.000164
593060 0.000164
1107572 0.000164
1153736 0.000164
87482 0.000164
1110947 0.000163
1116629 0.000163
315789 0.000162
118559 0.000162
195150 0.000162
28336 0.000162
308232 0.000162
107252 0.000162
51834 0.000162
1126037 0.000162
1110563 0.000162
27241 0.000162
467383 0.000162
1113934 0.000162
238099 0.000161
3235 0.000161
1111899 0.000161
66809 0.000161
133615 0.000161
134314 0.000160
1120252 0.000160
1131150 0.000160
25184 0.000160
27246 0.000160
682666 0.000160
34708 0.000160
1108175 0.000160
18785 0.000160
1129621 0.000160
170338 0.000160
1154229 0.000159
1153896 0.000159
60682 0.000159
31055 0.000158
46431 0.000158
594649 0.000158
1128227 0.000158
1110579 0.000158
1105450 0.000158
1127812 0.000158
1116410 0.000158
1154076 0.000158
1153106 0.000158
69296 0.000158
733576 0.000158
260121 0.000158
1114502 0.000158
1129798 0.000157
1153945 0.000157
12197 0.000157
156977 0.000157
10174 0.000156
1120643 0.000156
289781 0.000156
37884 0.000156
645897 0.000156
177998 0.000155
33301 0.000155
22875 0.000155
190698 0.000155
1119471 0.000155
1113438 0.000155
41732 0.000155
647447 0.000155
46079 0.000154
218410 0.000154
132821 0.000154
91581 0.000154
50381 0.000154
97645 0.000154
672064 0.000154
1106546 0.000154
1103499 0.000154
1153024 0.000154
27632 0.000154
194645 0.000153
261040 0.000153
395075 0.000153
440815 0.000153
96851 0.000153
642798 0.000153
1108834 0.000152
1123530 0.000152
593210 0.000152
1105764 0.000152
1111240 0.000152
1033 0.000152
582349 0.000152
734406 0.000152
1131565 0.000152
1131549 0.000152
688849 0.000152
948147 0.000152
1135122 0.000152
102061 0.000152
258259 0.000152
37879 0.000152
1106568 0.000152
1115790 0.000152
111770 0.000152
1152259 0.000152
1152991 0.000152
390693 0.000152
15431 0.000152
6939 0.000152
93755 0.000152
318187 0.000152
119712 0.000152
245288 0.000152
250566 0.000152
325314 0.000152
11337 0.000152
375605 0.000152
1115166 0.000152
128383 0.000152
1114331 0.000152
1116530 0.000152
751408 0.000152
68115 0.000152
308529 0.000152
1109566 0.000152
1104258 0.000152
1112723 0.000152
28230 0.000152
1120444 0.000151
34961 0.000151
675756 0.000151
671269 0.000151
345340 0.000150
510718 0.000150
48766 0.000150
28632 0.000150
578306 0.000150
1103016 0.000150
152483 0.000150
144679 0.000149
109323 0.000149
1153275 0.000149
578650 0.000148
95588 0.000148
95597 0.000148
509379 0.000148
119761 0.000147
1128881 0.000147
1128927 0.000147
1128935 0.000147
116087 0.000147
46476 0.000147
131122 0.000147
578365 0.000147
1153056 0.000147
711527 0.000147
390889 0.000147
1104300 0.000147
1136310 0.000147
1140547 0.000147
675847 0.000146
140569 0.000146
578669 0.000146
592996 0.000146
42207 0.000146
739707 0.000146
84020 0.000145
1130539 0.000145
154134 0.000145
202522 0.000145
180399 0.000145
142268 0.000145
63835 0.000144
217115 0.000144
91975 0.000144
1138968 0.000144
1110426 0.000144
1919 0.000144
18313 0.000144
1128291 0.000144
578649 0.000144
521252 0.000144
299197 0.000143
1106789 0.000143
594039 0.000143
1126044 0.000143
1119216 0.000143
189620 0.000143
1133417 0.000142
578898 0.000142
645046 0.000142
396412 0.000142
1139928 0.000142
193354 0.000142
1105428 0.000142
1119078 0.000142
368431 0.000142
360028 0.000141
13195 0.000141
1110024 0.000141
1118388 0.000141
1153899 0.000141
1153900 0.000141
1154068 0.000141
643597 0.000141
64319 0.000141
60159 0.000141
74698 0.000140
178718 0.000140
1127657 0.000140
11325 0.000140
1153262 0.000140
28674 0.000140
1153091 0.000140
1153166 0.000140
1153724 0.000140
116552 0.000139
1136110 0.000139
1136447 0.000139
1107567 0.000139
1112099 0.000139
1108728 0.000139
1118286 0.000139
56119 0.000139
1152308 0.000139
1110028 0.000139
1121063 0.000139
1128977 0.000139
90655 0.000138
213246 0.000138
1116044 0.000138
20821 0.000138
645870 0.000138
1129096 0.000137
628668 0.000137
127033 0.000137
503877 0.000137
239829 0.000137
20593 0.000137
1106849 0.000137
1134348 0.000137
714879 0.000137
1118302 0.000136
1114512 0.000136
1110515 0.000136
583318 0.000136
33303 0.000136
1022969 0.000136
110164 0.000135
1107140 0.000135
95435 0.000135
263498 0.000135
57922 0.000135
181782 0.000135
144212 0.000135
227286 0.000135
592975 0.000135
762980 0.000134
59715 0.000134
1132505 0.000134
1123553 0.000134
1105603 0.000134
1104787 0.000134
1109891 0.000134
141596 0.000134
69284 0.000134
1131359 0.000133
105865 0.000133
169279 0.000133
169280 0.000133
626999 0.000133
48768 0.000133
134128 0.000133
192870 0.000133
735303 0.000133
520471 0.000133
129045 0.000133
354004 0.000133
567005 0.000133
519318 0.000133
576795 0.000133
593091 0.000133
643003 0.000133
656048 0.000133
242637 0.000133
41666 0.000133
72101 0.000133
151708 0.000133
134060 0.000133
129287 0.000133
20972 0.000133
27230 0.000133
62347 0.000133
15670 0.000133
62389 0.000133
1117501 0.000133
1130678 0.000133
41216 0.000132
1103315 0.000132
1105394 0.000132
1106172 0.000132
1106406 0.000132
1107455 0.000132
1111052 0.000132
1114125 0.000132
1117942 0.000132
1118332 0.000132
1120170 0.000132
191404 0.000132
7432 0.000132
55801 0.000132
156794 0.000132
24530 0.000132
289945 0.000132
1130808 0.000132
1132948 0.000132
1140230 0.000132
236759 0.000132
696342 0.000132
696346 0.000132
1132486 0.000132
1133428 0.000132
31863 0.000132
114308 0.000132
1152307 0.000132
1152448 0.000132
1152975 0.000132
1153703 0.000132
1132815 0.000132
140005 0.000131
289088 0.000131
12199 0.000131
144330 0.000130
118424 0.000130
118435 0.000130
262108 0.000130
262121 0.000130
592986 0.000130
289780 0.000130
1110546 0.000130
1122642 0.000129
1128430 0.000129
6217 0.000129
372862 0.000129
105899 0.000129
687401 0.000129
12247 0.000129
1120431 0.000129
294239 0.000129
173884 0.000129
28640 0.000128
166420 0.000128
135130 0.000128
46500 0.000128
714208 0.000128
593240 0.000128
152226 0.000128
1132083 0.000127
1154103 0.000127
139547 0.000127
911198 0.000127
179706 0.000127
43639 0.000127
330208 0.000127
35343 0.000127
654177 0.000127
346243 0.000127
1132887 0.000126
83746 0.000125
27514 0.000125
1123926 0.000125
211906 0.000125
469504 0.000125
99025 0.000125
193931 0.000124
1118764 0.000124
28641 0.000124
238401 0.000124
1102442 0.000124
1131471 0.000124
103528 0.000124
17242 0.000124
12158 0.000124
118682 0.000124
8696 0.000123
104840 0.000123
1102751 0.000123
20857 0.000123
593559 0.000123
644494 0.000123
593560 0.000123
459216 0.000123
1000012 0.000123
1107215 0.000123
70441 0.000123
415693 0.000122
429781 0.000122
1110256 0.000122
1104007 0.000122
30901 0.000122
854434 0.000122
52847 0.000122
260979 0.000122
592973 0.000121
177115 0.000121
593813 0.000121
7296 0.000121
117316 0.000121
213279 0.000121
33904 0.000120
1129629 0.000120
1102567 0.000120
1106052 0.000120
1111614 0.000120
1120563 0.000120
1153891 0.000120
399173 0.000120
148399 0.000120
1118209 0.000120
1106771 0.000119
1115456 0.000119
1116974 0.000119
1104495 0.000119
342802 0.000119
93923 0.000119
219239 0.000119
1103737 0.000119
964248 0.000119
337766 0.000119
684531 0.000119
71336 0.000119
28389 0.000119
248431 0.000119
579108 0.000119
285687 0.000119
416867 0.000119
61073 0.000119
616336 0.000119
1152277 0.000119
1152673 0.000119
1154251 0.000119
129897 0.000119
284025 0.000118
28267 0.000118
1129835 0.000118
1131719 0.000118
1133196 0.000118
682815 0.000118
594047 0.000118
31336 0.000118
43698 0.000118
1129243 0.000117
28473 0.000117
892139 0.000117
1104182 0.000117
686015 0.000117
686030 0.000117
117315 0.000117
124296 0.000117
1122425 0.000117
18833 0.000117
359067 0.000117
86258 0.000116
194223 0.000116
1106330 0.000116
1128536 0.000116
20850 0.000116
20942 0.000116
116021 0.000116
1102625 0.000116
1106388 0.000116
68463 0.000116
17477 0.000116
17488 0.000116
310653 0.000116
78508 0.000116
39474 0.000116
182093 0.000115
22876 0.000115
446610 0.000115
190697 0.000115
137956 0.000115
335733 0.000115
1117476 0.000115
1128985 0.000115
578780 0.000115
20526 0.000115
229635 0.000115
1152761 0.000115
1153860 0.000115
1117348 0.000114
390896 0.000114
131317 0.000114
397488 0.000114
100935 0.000114
1153853 0.000113
13136 0.000113
148170 0.000113
575795 0.000113
218682 0.000113
608292 0.000112
1153816 0.000112
87363 0.000112
431206 0.000112
591016 0.000112
49844 0.000112
12211 0.000112
289779 0.000112
1120731 0.000112
1107312 0.000112
83461 0.000111
60169 0.000111
9513 0.000110
447250 0.000110
1132459 0.000110
428610 0.000110
1154123 0.000110
1154124 0.000110
1132434 0.000110
576725 0.000109
23546 0.000109
1131728 0.000109
429805 0.000109
1121459 0.000109
561582 0.000109
112099 0.000109
647408 0.000109
28456 0.000109
595056 0.000109
1129570 0.000109
1152676 0.000109
1153942 0.000109
606647 0.000109
178727 0.000108
368605 0.000108
42847 0.000108
157805 0.000108
66982 0.000108
136768 0.000108
578347 0.000107
13966 0.000107
18251 0.000106
284414 0.000106
199571 0.000106
593201 0.000106
577331 0.000106
220420 0.000106
95198 0.000106
46470 0.000106
219976 0.000106
567018 0.000106
158812 0.000106
647315 0.000106
206371 0.000105
106590 0.000105
143801 0.000105
134307 0.000105
239810 0.000105
1694 0.000105
1128319 0.000104
578645 0.000104
112787 0.000104
853118 0.000103
574009 0.000103
577227 0.000103
151430 0.000103
89335 0.000103
259772 0.000103
8766 0.000103
12155 0.000103
633721 0.000103
385067 0.000103
189574 0.000103
264347 0.000103
210309 0.000103
217984 0.000103
67292 0.000103
13024 0.000103
94416 0.000103
613409 0.000103
593544 0.000103
733167 0.000103
385572 0.000103
206524 0.000103
561593 0.000103
643199 0.000103
767763 0.000103
593022 0.000103
650814 0.000103
95225 0.000103
561364 0.000102
683404 0.000102
189623 0.000102
47570 0.000101
628667 0.000101
255233 0.000101
646334 0.000101
646357 0.000101
377303 0.000100
243483 0.000100
248823 0.000099
593155 0.000099
263279 0.000099
1817 0.000099
645571 0.000099
139738 0.000098
193932 0.000098
193918 0.000098
72406 0.000098
459213 0.000098
459214 0.000098
459206 0.000098
593209 0.000098
259701 0.000098
221302 0.000098
157761 0.000098
22869 0.000097
22874 0.000097
662572 0.000096
593328 0.000096
593329 0.000096
62718 0.000096
282700 0.000094
409255 0.000094
55403 0.000094
52007 0.000094
634938 0.000094
591017 0.000094
8832 0.000094
6152 0.000094
628888 0.000094
589923 0.000094
954315 0.000094
101660 0.000094
101662 0.000094
192850 0.000092
128540 0.000092
387795 0.000092
272720 0.000092
49847 0.000092
399339 0.000092
102884 0.000092
77515 0.000092
102879 0.000092
634902 0.000089
634904 0.000089
684972 0.000089
82098 0.000089
395540 0.000089
630817 0.000089
256106 0.000089
575402 0.000089
103529 0.000089
280876 0.000089
644093 0.000086
241133 0.000086
649730 0.000086
649739 0.000086
195361 0.000086
662416 0.000086
31349 0.000086
1050679 0.000074
1103960 0.000074
1103985 0.000074
1109199 0.000074
1112911 0.000074
1127430 0.000074
1128204 0.000074
1128453 0.000074
1128945 0.000074
1128959 0.000074
1129018 0.000074
1129027 0.000074
1129573 0.000074
1129778 0.000074
1130847 0.000074
1130856 0.000074
1131752 0.000074
1133338 0.000074
1136814 0.000074
1137466 0.000074
1152508 0.000074
1153065 0.000074
1153577 0.000074
1154176 0.000074
18582 0.000074
45599 0.000074
561238 0.000074
574462 0.000074
575331 0.000074
594543 0.000074
594900 0.000074
634975 0.000074
646837 0.000074
694759 0.000074
801170 0.000074
81722 0.000074
1109017 0.000074
1118092 0.000074
218666 0.000074
1105033 0.000074
1111304 0.000074
1113614 0.000074
299195 0.000074
1105530 0.000074
1110520 0.000074
1116569 0.000074
1118848 0.000074
1120858 0.000074
1129111 0.000074
12946 0.000074
160705 0.000074
31043 0.000074
94953 0.000074
1107062 0.000074
409725 0.000074
1108167 0.000074
1123867 0.000074
1129208 0.000074
1135358 0.000074
444240 0.000074
552469 0.000074
636098 0.000074
1134022 0.000074
647413 0.000074
1115291 0.000074
1116336 0.000074
1135108 0.000074
1108389 0.000074
1108551 0.000074
1109439 0.000074
1109542 0.000074
1061127 0.000074
1107095 0.000074
1117786 0.000074
1120650 0.000074
1153254 0.000074
1115375 0.000074
1130676 0.000074
1131607 0.000074
1135899 0.000074
1119671 0.000074
1113035 0.000074
1108169 0.000074
1120197 0.000074
1114192 0.000074
1118083 0.000074
1123239 0.000074
1107171 0.000074
30973 0.000074
1152564 0.000074
470511 0.000074
1110000 0.000074
129896 0.000074
137873 0.000074
423463 0.000074
1115677 0.000074
1130634 0.000074
120039 0.000074
39124 0.000074
40922 0.000074
69397 0.000074
1108209 0.000074
1109392 0.000074
1125082 0.000074
1130927 0.000074
1130931 0.000074
1132418 0.000074
1140289 0.000074
390922 0.000074
7022 0.000074
82087 0.000074
919885 0.000074
1102761 0.000074
1107067 0.000074
1115471 0.000074
1153169 0.000074
259126 0.000074
328370 0.000074
63477 0.000074
976284 0.000074
1110531 0.000074
1110768 0.000074
395547 0.000074
1112929 0.000074
1132461 0.000074
1136393 0.000074
1152917 0.000074
119956 0.000074
120013 0.000074
69418 0.000074
949217 0.000074
164 0.000074
5038 0.000074
1112574 0.000074
68505 0.000074
1121176 0.000074
1129106 0.000074
272345 0.000074
1105698 0.000074
1117833 0.000074
385251 0.000074
1106547 0.000074
1107355 0.000074
1385 0.000074
1106966 0.000074
1114629 0.000074
1109957 0.000074
1111230 0.000074
1113182 0.000074
1113459 0.000074
1117760 0.000074
1128267 0.000074
1115886 0.000074
1152740 0.000074
93320 0.000074
1102646 0.000074
568045 0.000074
1123188 0.000074
1117219 0.000074
1152150 0.000074
1105011 0.000074
1131230 0.000074
703953 0.000074
1153811 0.000074
1155073 0.000074
308003 0.000074
1114526 0.000074
1118658 0.000074
1115670 0.000074
323128 0.000074
1121603 0.000074
1153097 0.000074
1113534 0.000074
1131348 0.000074
1138027 0.000074
1128531 0.000074
1153148 0.000074
1153866 0.000074
601567 0.000074
1120059 0.000074
167205 0.000074
38000 0.000074
101145 0.000074
502574 0.000074
59244 0.000074
785678 0.000074
211875 0.000074
711598 0.000074
68495 0.000074
1114336 0.000074
1120713 0.000074
1103394 0.000074
1102850 0.000074
1129442 0.000074
686532 0.000074
31097 0.000074
46536 0.000074
1102873 0.000074
211432 0.000074
45061 0.000074
1126350 0.000074
1059953 0.000074
1117249 0.000074
1153183 0.000074
309476 0.000074
1107319 0.000074
1131611 0.000074
1132285 0.000074
1152490 0.000074
1153861 0.000074
1131634 0.000074
1071981 0.000074
1104999 0.000074
1105221 0.000074
1107674 0.000074
416455 0.000074
574710 0.000074
63832 0.000074
899119 0.000074
37998 0.000074
12558 0.000074
1116146 0.000074
1114992 0.000074
1131167 0.000074
1131236 0.000074
1131312 0.000074
644334 0.000074
1152944 0.000074
1128846 0.000074
1131464 0.000074
1108597 0.000074
1116397 0.000074
1116839 0.000074
1119180 0.000074
112813 0.000074
1130653 0.000074
1130657 0.000074
1138091 0.000074
1152244 0.000074
1153877 0.000074
1153879 0.000074
1153889 0.000074
566488 0.000074
1127863 0.000074
1116181 0.000074
1103383 0.000074
1107418 0.000074
1128369 0.000074
595193 0.000074
1111978 0.000074
217852 0.000074
1153064 0.000074
1153897 0.000074
1104769 0.000074
23545 0.000074
1128990 0.000074
1112026 0.000074
325497 0.000074
1152436 0.000074
595157 0.000074
1125402 0.000074
1125944 0.000074
1063773 0.000074
1124844 0.000074
1135746 0.000074
1152162 0.000074
1152272 0.000074
1152904 0.000074
286562 0.000074
686559 0.000074
40583 0.000074
632935 0.000074
1111186 0.000074
1114398 0.000074
503871 0.000074
1104031 0.000074
1128974 0.000074
390894 0.000074
350373 0.000074
590022 0.000074
1128997 0.000074
1123689 0.000074
1154233 0.000074
1104261 0.000074
884094 0.000074
1113551 0.000074
943087 0.000074
48075 0.000074
1130929 0.000074
1132385 0.000074
1152569 0.000074
1134865 0.000074
1112369 0.000074
1104809 0.000074
1136791 0.000074
1128982 0.000074
1104946 0.000074
1119178 0.000074
1113828 0.000074
1128208 0.000074
96845 0.000074
1106764 0.000074
650834 0.000074
62333 0.000074
1107325 0.000074
1107558 0.000074
1125909 0.000074
1110209 0.000074
1117920 0.000074
1112319 0.000074
1105505 0.000074
1153031 0.000074
593068 0.000074
1118347 0.000074
1128856 0.000074
1129994 0.000074
1129907 0.000074
662279 0.000074
1121659 0.000074
1131466 0.000074
1106298 0.000074
1133047 0.000074
509233 0.000074
577086 0.000074
1133469 0.000074
1114184 0.000074
1153786 0.000074
1116328 0.000074
1152379 0.000074
237376 0.000074
1152958 0.000074
1111733 0.000074
594025 0.000074
596075 0.000074
1154074 0.000074
1113742 0.000074
1095507 0.000074
1107385 0.000074
1121739 0.000074
1154276 0.000074
1114364 0.000074
243274 0.000074
128202 0.000074
1108363 0.000074
1121313 0.000074
907845 0.000074
481073 0.000074
1108841 0.000074
1131345 0.000074
917493 0.000074
1128975 0.000074
1136342 0.000074
595063 0.000074
1109185 0.000074
1109208 0.000074
1120786 0.000074
987197 0.000074
1131223 0.000074
1112106 0.000074
1133846 0.000074
1130934 0.000074
1133028 0.000074
1118017 0.000074
1153922 0.000074
1109830 0.000074
737204 0.000074
1135345 0.000074
1138755 0.000074
1120084 0.000074
1131550 0.000074
1129518 0.000074
1134346 0.000074
1130568 0.000074
1130586 0.000074
628764 0.000074
628766 0.000074
950986 0.000074
1128151 0.000074
1152663 0.000074
1128946 0.000074
1113541 0.000074
1121398 0.000074
1152959 0.000074
1153784 0.000074
1131198 0.000074
1139195 0.000074
1117089 0.000074
1118546 0.000074
1119211 0.000074
1123093 0.000074
1131374 0.000074
1125597 0.000074
1125906 0.000074
1125953 0.000074
1125993 0.000074
646440 0.000074
1127541 0.000074
1127810 0.000074
1131734 0.000074
1128201 0.000074
593248 0.000074
1131172 0.000074
644470 0.000074
1131180 0.000074
1131301 0.000074
1131335 0.000074
1131189 0.000074
1131192 0.000074
1131305 0.000074
1131334 0.000074
643777 0.000074
1131314 0.000074
1154071 0.000074
1131421 0.000074
1131420 0.000074
1131741 0.000074
1131828 0.000074
1132406 0.000074
1132443 0.000074
1134031 0.000074
1154230 0.000074
735311 0.000074
1136631 0.000074
1136634 0.000074
1136449 0.000074
1140231 0.000074
192734 0.000074
1130915 0.000074
